############################################################################################################
# Fit points used to estimate minimums of wetness found for the following parameters:
# Body = RunningMan.in, vmax = 2 vfall
# dx = 0.001 m, nstep = 50
# nfit = 9, dv = 0.006 vfall
# Columns:
# vcross (vfall)	vtail (vfall)	vb (vfall)	Rb (m^2)
############################################################################################################
0.600000000000	0.000000000000	2.000000000000	0.468254162367	
0.600000000000	0.040816326531	2.000000000000	0.459810942778	
0.600000000000	0.081632653061	2.000000000000	0.451367717514	
0.600000000000	0.122448979592	2.000000000000	0.442924785910	
0.600000000000	0.163265306122	2.000000000000	0.434482454516	
0.600000000000	0.204081632653	2.000000000000	0.426044151951	
0.600000000000	0.244897959184	2.000000000000	0.417610504178	
0.600000000000	0.285714285714	1.813372156142	0.409006465711	
0.600000000000	0.285714285714	1.819372156142	0.409004764772	
0.600000000000	0.285714285714	1.825372156142	0.409003395965	
0.600000000000	0.285714285714	1.831372156142	0.409002967743	
0.600000000000	0.285714285714	1.837372156142	0.409003289642	
0.600000000000	0.285714285714	1.843372156142	0.409004954708	
0.600000000000	0.285714285714	1.849372156142	0.409006767511	
0.600000000000	0.285714285714	1.855372156142	0.409007658550	
0.600000000000	0.285714285714	1.861372156142	0.409009341477	
0.600000000000	0.326530612245	1.599444548992	0.399425746266	
0.600000000000	0.326530612245	1.605444548992	0.399419629185	
0.600000000000	0.326530612245	1.611444548992	0.399415470477	
0.600000000000	0.326530612245	1.617444548992	0.399412477835	
0.600000000000	0.326530612245	1.623444548992	0.399410739035	
0.600000000000	0.326530612245	1.629444548992	0.399409311413	
0.600000000000	0.326530612245	1.635444548992	0.399409862292	
0.600000000000	0.326530612245	1.641444548992	0.399413186517	
0.600000000000	0.326530612245	1.647444548992	0.399416912957	
0.600000000000	0.367346938776	1.507334073688	0.389186882976	
0.600000000000	0.367346938776	1.513334073688	0.389181239893	
0.600000000000	0.367346938776	1.519334073688	0.389177799767	
0.600000000000	0.367346938776	1.525334073688	0.389176342911	
0.600000000000	0.367346938776	1.531334073688	0.389176692800	
0.600000000000	0.367346938776	1.537334073688	0.389179405696	
0.600000000000	0.367346938776	1.543334073688	0.389183495388	
0.600000000000	0.367346938776	1.549334073688	0.389189847432	
0.600000000000	0.367346938776	1.555334073688	0.389198335699	
0.600000000000	0.408163265306	1.428397844030	0.378681988042	
0.600000000000	0.408163265306	1.434397844030	0.378669667775	
0.600000000000	0.408163265306	1.440397844030	0.378660514192	
0.600000000000	0.408163265306	1.446397844030	0.378655473724	
0.600000000000	0.408163265306	1.452397844030	0.378652533387	
0.600000000000	0.408163265306	1.458397844030	0.378653171730	
0.600000000000	0.408163265306	1.464397844030	0.378656203097	
0.600000000000	0.408163265306	1.470397844030	0.378661203143	
0.600000000000	0.408163265306	1.476397844030	0.378668467710	
0.600000000000	0.448979591837	1.392858238420	0.368049703232	
0.600000000000	0.448979591837	1.398858238420	0.368039823029	
0.600000000000	0.448979591837	1.404858238420	0.368033870829	
0.600000000000	0.448979591837	1.410858238420	0.368030507694	
0.600000000000	0.448979591837	1.416858238420	0.368029641155	
0.600000000000	0.448979591837	1.422858238420	0.368031234598	
0.600000000000	0.448979591837	1.428858238420	0.368035657574	
0.600000000000	0.448979591837	1.434858238420	0.368045086141	
0.600000000000	0.448979591837	1.440858238420	0.368057692615	
0.600000000000	0.489795918367	1.327181826614	0.357348967196	
0.600000000000	0.489795918367	1.333181826614	0.357338136672	
0.600000000000	0.489795918367	1.339181826614	0.357330917044	
0.600000000000	0.489795918367	1.345181826614	0.357326366896	
0.600000000000	0.489795918367	1.351181826614	0.357324600350	
0.600000000000	0.489795918367	1.357181826614	0.357325845973	
0.600000000000	0.489795918367	1.363181826614	0.357329093796	
0.600000000000	0.489795918367	1.369181826614	0.357336567620	
0.600000000000	0.489795918367	1.375181826614	0.357345371504	
0.600000000000	0.530612244898	1.262312724057	0.346485276457	
0.600000000000	0.530612244898	1.268312724057	0.346473697336	
0.600000000000	0.530612244898	1.274312724057	0.346465734743	
0.600000000000	0.530612244898	1.280312724057	0.346460058000	
0.600000000000	0.530612244898	1.286312724057	0.346457423253	
0.600000000000	0.530612244898	1.292312724057	0.346457962481	
0.600000000000	0.530612244898	1.298312724057	0.346460334089	
0.600000000000	0.530612244898	1.304312724057	0.346465577959	
0.600000000000	0.530612244898	1.310312724057	0.346473997220	
0.600000000000	0.571428571429	1.225748974089	0.335515662742	
0.600000000000	0.571428571429	1.231748974089	0.335490833239	
0.600000000000	0.571428571429	1.237748974089	0.335473989589	
0.600000000000	0.571428571429	1.243748974089	0.335462344596	
0.600000000000	0.571428571429	1.249748974089	0.335456485319	
0.600000000000	0.571428571429	1.255748974089	0.335456416047	
0.600000000000	0.571428571429	1.261748974089	0.335462874445	
0.600000000000	0.571428571429	1.267748974089	0.335475246675	
0.600000000000	0.571428571429	1.273748974089	0.335491838876	
0.600000000000	0.612244897959	1.220595032332	0.324708367612	
0.600000000000	0.612244897959	1.226595032332	0.324677510308	
0.600000000000	0.612244897959	1.232595032332	0.324661113312	
0.600000000000	0.612244897959	1.238595032332	0.324652558640	
0.600000000000	0.612244897959	1.244595032332	0.324651816275	
0.600000000000	0.612244897959	1.250595032332	0.324657680631	
0.600000000000	0.612244897959	1.256595032332	0.324669012737	
0.600000000000	0.612244897959	1.262595032332	0.324687604984	
0.600000000000	0.612244897959	1.268595032332	0.324711933644	
0.600000000000	0.653061224490	1.229176223398	0.314276681341	
0.600000000000	0.653061224490	1.235176223398	0.314242766967	
0.600000000000	0.653061224490	1.241176223398	0.314218649786	
0.600000000000	0.653061224490	1.247176223398	0.314201581169	
0.600000000000	0.653061224490	1.253176223398	0.314194781080	
0.600000000000	0.653061224490	1.259176223398	0.314197300591	
0.600000000000	0.653061224490	1.265176223398	0.314212339631	
0.600000000000	0.653061224490	1.271176223398	0.314241549663	
0.600000000000	0.653061224490	1.277176223398	0.314279179414	
0.600000000000	0.693877551020	1.237779076568	0.304232834624	
0.600000000000	0.693877551020	1.243779076568	0.304205220908	
0.600000000000	0.693877551020	1.249779076568	0.304186010831	
0.600000000000	0.693877551020	1.255779076568	0.304173915884	
0.600000000000	0.693877551020	1.261779076568	0.304169433123	
0.600000000000	0.693877551020	1.267779076568	0.304173074794	
0.600000000000	0.693877551020	1.273779076568	0.304184752542	
0.600000000000	0.693877551020	1.279779076568	0.304204385580	
0.600000000000	0.693877551020	1.285779076568	0.304232522230	
0.600000000000	0.734693877551	1.240902708622	0.294565550471	
0.600000000000	0.734693877551	1.246902708622	0.294539861049	
0.600000000000	0.734693877551	1.252902708622	0.294521328384	
0.600000000000	0.734693877551	1.258902708622	0.294509904921	
0.600000000000	0.734693877551	1.264902708622	0.294504784890	
0.600000000000	0.734693877551	1.270902708622	0.294507552781	
0.600000000000	0.734693877551	1.276902708622	0.294516700926	
0.600000000000	0.734693877551	1.282902708622	0.294533340255	
0.600000000000	0.734693877551	1.288902708622	0.294558082545	
0.600000000000	0.775510204082	1.243330542704	0.285217523808	
0.600000000000	0.775510204082	1.249330542704	0.285193666402	
0.600000000000	0.775510204082	1.255330542704	0.285176873044	
0.600000000000	0.775510204082	1.261330542704	0.285167356418	
0.600000000000	0.775510204082	1.267330542704	0.285164260058	
0.600000000000	0.775510204082	1.273330542704	0.285167777653	
0.600000000000	0.775510204082	1.279330542704	0.285179383387	
0.600000000000	0.775510204082	1.285330542704	0.285195244874	
0.600000000000	0.775510204082	1.291330542704	0.285217980216	
0.600000000000	0.816326530612	1.243747109101	0.276176427002	
0.600000000000	0.816326530612	1.249747109101	0.276155460087	
0.600000000000	0.816326530612	1.255747109101	0.276140455381	
0.600000000000	0.816326530612	1.261747109101	0.276131535243	
0.600000000000	0.816326530612	1.267747109101	0.276128527695	
0.600000000000	0.816326530612	1.273747109101	0.276132092616	
0.600000000000	0.816326530612	1.279747109101	0.276141472210	
0.600000000000	0.816326530612	1.285747109101	0.276155923209	
0.600000000000	0.816326530612	1.291747109101	0.276177153740	
0.600000000000	0.857142857143	1.245972465667	0.267416925626	
0.600000000000	0.857142857143	1.251972465667	0.267397516170	
0.600000000000	0.857142857143	1.257972465667	0.267384551896	
0.600000000000	0.857142857143	1.263972465667	0.267377874530	
0.600000000000	0.857142857143	1.269972465667	0.267377675663	
0.600000000000	0.857142857143	1.275972465667	0.267383081447	
0.600000000000	0.857142857143	1.281972465667	0.267394916668	
0.600000000000	0.857142857143	1.287972465667	0.267412597793	
0.600000000000	0.857142857143	1.293972465667	0.267435303306	
0.600000000000	0.897959183673	1.243998490626	0.258986707615	
0.600000000000	0.897959183673	1.249998490626	0.258951120710	
0.600000000000	0.897959183673	1.255998490626	0.258925707379	
0.600000000000	0.897959183673	1.261998490626	0.258912385325	
0.600000000000	0.897959183673	1.267998490626	0.258907006666	
0.600000000000	0.897959183673	1.273998490626	0.258909467008	
0.600000000000	0.897959183673	1.279998490626	0.258918689192	
0.600000000000	0.897959183673	1.285998490626	0.258932592054	
0.600000000000	0.897959183673	1.291998490626	0.258952156308	
0.600000000000	0.938775510204	1.263786749865	0.250837769406	
0.600000000000	0.938775510204	1.269786749865	0.250800517666	
0.600000000000	0.938775510204	1.275786749865	0.250775392175	
0.600000000000	0.938775510204	1.281786749865	0.250761816531	
0.600000000000	0.938775510204	1.287786749865	0.250758832545	
0.600000000000	0.938775510204	1.293786749865	0.250767515782	
0.600000000000	0.938775510204	1.299786749865	0.250787369804	
0.600000000000	0.938775510204	1.305786749865	0.250816200771	
0.600000000000	0.938775510204	1.311786749865	0.250851890936	
0.600000000000	0.979591836735	1.279954097449	0.243139786967	
0.600000000000	0.979591836735	1.285954097449	0.243068916149	
0.600000000000	0.979591836735	1.291954097449	0.243030619745	
0.600000000000	0.979591836735	1.297954097449	0.243004976780	
0.600000000000	0.979591836735	1.303954097449	0.242990540795	
0.600000000000	0.979591836735	1.309954097449	0.242989404449	
0.600000000000	0.979591836735	1.315954097449	0.242999549931	
0.600000000000	0.979591836735	1.321954097449	0.243020570942	
0.600000000000	0.979591836735	1.327954097449	0.243051835312	
0.600000000000	1.020408163265	1.310505096818	0.235730083971	
0.600000000000	1.020408163265	1.316505096818	0.235664099320	
0.600000000000	1.020408163265	1.322505096818	0.235613504501	
0.600000000000	1.020408163265	1.328505096818	0.235588217862	
0.600000000000	1.020408163265	1.334505096818	0.235589222151	
0.600000000000	1.020408163265	1.340505096818	0.235600709363	
0.600000000000	1.020408163265	1.346505096818	0.235622694889	
0.600000000000	1.020408163265	1.352505096818	0.235657452854	
0.600000000000	1.020408163265	1.358505096818	0.235703259437	
0.600000000000	1.061224489796	1.337413715005	0.228729170217	
0.600000000000	1.061224489796	1.343413715005	0.228671086581	
0.600000000000	1.061224489796	1.349413715005	0.228623444169	
0.600000000000	1.061224489796	1.355413715005	0.228586890669	
0.600000000000	1.061224489796	1.361413715005	0.228562968636	
0.600000000000	1.061224489796	1.367413715005	0.228559524373	
0.600000000000	1.061224489796	1.373413715005	0.228586400911	
0.600000000000	1.061224489796	1.379413715005	0.228624767050	
0.600000000000	1.061224489796	1.385413715005	0.228673011930	
0.600000000000	1.102040816327	1.370351395230	0.222007733208	
0.600000000000	1.102040816327	1.376351395230	0.221966664373	
0.600000000000	1.102040816327	1.382351395230	0.221935587773	
0.600000000000	1.102040816327	1.388351395230	0.221915441103	
0.600000000000	1.102040816327	1.394351395230	0.221905401565	
0.600000000000	1.102040816327	1.400351395230	0.221906800752	
0.600000000000	1.102040816327	1.406351395230	0.221924698788	
0.600000000000	1.102040816327	1.412351395230	0.221970570355	
0.600000000000	1.102040816327	1.418351395230	0.222032688440	
0.600000000000	1.142857142857	1.395183838703	0.215675770941	
0.600000000000	1.142857142857	1.401183838703	0.215630384386	
0.600000000000	1.142857142857	1.407183838703	0.215600460076	
0.600000000000	1.142857142857	1.413183838703	0.215580605416	
0.600000000000	1.142857142857	1.419183838703	0.215571169715	
0.600000000000	1.142857142857	1.425183838703	0.215572000782	
0.600000000000	1.142857142857	1.431183838703	0.215582204501	
0.600000000000	1.142857142857	1.437183838703	0.215602296096	
0.600000000000	1.142857142857	1.443183838703	0.215634170291	
0.600000000000	1.183673469388	1.427191769786	0.209597546411	
0.600000000000	1.183673469388	1.433191769786	0.209558264051	
0.600000000000	1.183673469388	1.439191769786	0.209534852372	
0.600000000000	1.183673469388	1.445191769786	0.209524687125	
0.600000000000	1.183673469388	1.451191769786	0.209525081238	
0.600000000000	1.183673469388	1.457191769786	0.209535660024	
0.600000000000	1.183673469388	1.463191769786	0.209556605953	
0.600000000000	1.183673469388	1.469191769786	0.209586760460	
0.600000000000	1.183673469388	1.475191769786	0.209626284890	
0.600000000000	1.224489795918	1.455315375200	0.203844600432	
0.600000000000	1.224489795918	1.461315375200	0.203801734469	
0.600000000000	1.224489795918	1.467315375200	0.203772595183	
0.600000000000	1.224489795918	1.473315375200	0.203757013331	
0.600000000000	1.224489795918	1.479315375200	0.203754120321	
0.600000000000	1.224489795918	1.485315375200	0.203765419721	
0.600000000000	1.224489795918	1.491315375200	0.203789371533	
0.600000000000	1.224489795918	1.497315375200	0.203822322417	
0.600000000000	1.224489795918	1.503315375200	0.203864121475	
0.600000000000	1.265306122449	1.482455411579	0.198374006508	
0.600000000000	1.265306122449	1.488455411579	0.198326228378	
0.600000000000	1.265306122449	1.494455411579	0.198291055035	
0.600000000000	1.265306122449	1.500455411579	0.198268340376	
0.600000000000	1.265306122449	1.506455411579	0.198258430511	
0.600000000000	1.265306122449	1.512455411579	0.198260976159	
0.600000000000	1.265306122449	1.518455411579	0.198277094757	
0.600000000000	1.265306122449	1.524455411579	0.198306245144	
0.600000000000	1.265306122449	1.530455411579	0.198346802516	
0.600000000000	1.306122448980	1.519463120244	0.193081879268	
0.600000000000	1.306122448980	1.525463120244	0.193047462962	
0.600000000000	1.306122448980	1.531463120244	0.193026383726	
0.600000000000	1.306122448980	1.537463120244	0.193017712877	
0.600000000000	1.306122448980	1.543463120244	0.193020144845	
0.600000000000	1.306122448980	1.549463120244	0.193034924952	
0.600000000000	1.306122448980	1.555463120244	0.193062442303	
0.600000000000	1.306122448980	1.561463120244	0.193103687198	
0.600000000000	1.306122448980	1.567463120244	0.193156223442	
0.600000000000	1.346938775510	1.549116215928	0.188089297374	
0.600000000000	1.346938775510	1.555116215928	0.188052401104	
0.600000000000	1.346938775510	1.561116215928	0.188028114342	
0.600000000000	1.346938775510	1.567116215928	0.188016025614	
0.600000000000	1.346938775510	1.573116215928	0.188016086022	
0.600000000000	1.346938775510	1.579116215928	0.188028072938	
0.600000000000	1.346938775510	1.585116215928	0.188051288679	
0.600000000000	1.346938775510	1.591116215928	0.188086371392	
0.600000000000	1.346938775510	1.597116215928	0.188133394293	
0.600000000000	1.387755102041	1.581388713007	0.183308282422	
0.600000000000	1.387755102041	1.587388713007	0.183272347773	
0.600000000000	1.387755102041	1.593388713007	0.183249230626	
0.600000000000	1.387755102041	1.599388713007	0.183238123868	
0.600000000000	1.387755102041	1.605388713007	0.183239422686	
0.600000000000	1.387755102041	1.611388713007	0.183252653999	
0.600000000000	1.387755102041	1.617388713007	0.183276761743	
0.600000000000	1.387755102041	1.623388713007	0.183312091422	
0.600000000000	1.387755102041	1.629388713007	0.183359135446	
0.600000000000	1.428571428571	1.611207601099	0.178759736863	
0.600000000000	1.428571428571	1.617207601099	0.178719486987	
0.600000000000	1.428571428571	1.623207601099	0.178692316729	
0.600000000000	1.428571428571	1.629207601099	0.178675774500	
0.600000000000	1.428571428571	1.635207601099	0.178672630368	
0.600000000000	1.428571428571	1.641207601099	0.178680786052	
0.600000000000	1.428571428571	1.647207601099	0.178699882736	
0.600000000000	1.428571428571	1.653207601099	0.178731546776	
0.600000000000	1.428571428571	1.659207601099	0.178773100544	
0.600000000000	1.469387755102	1.647054534607	0.174370365242	
0.600000000000	1.469387755102	1.653054534607	0.174338327936	
0.600000000000	1.469387755102	1.659054534607	0.174316870899	
0.600000000000	1.469387755102	1.665054534607	0.174308127610	
0.600000000000	1.469387755102	1.671054534607	0.174310759153	
0.600000000000	1.469387755102	1.677054534607	0.174324473653	
0.600000000000	1.469387755102	1.683054534607	0.174349827696	
0.600000000000	1.469387755102	1.689054534607	0.174386164080	
0.600000000000	1.469387755102	1.695054534607	0.174433455694	
0.600000000000	1.510204081633	1.679954725990	0.170194772664	
0.600000000000	1.510204081633	1.685954725990	0.170161475292	
0.600000000000	1.510204081633	1.691954725990	0.170141325802	
0.600000000000	1.510204081633	1.697954725990	0.170132073401	
0.600000000000	1.510204081633	1.703954725990	0.170134731512	
0.600000000000	1.510204081633	1.709954725990	0.170147778137	
0.600000000000	1.510204081633	1.715954725990	0.170172477162	
0.600000000000	1.510204081633	1.721954725990	0.170207866430	
0.600000000000	1.510204081633	1.727954725990	0.170254529266	
0.600000000000	1.551020408163	1.712326354701	0.166201627055	
0.600000000000	1.551020408163	1.718326354701	0.166168085053	
0.600000000000	1.551020408163	1.724326354701	0.166145443702	
0.600000000000	1.551020408163	1.730326354701	0.166134910541	
0.600000000000	1.551020408163	1.736326354701	0.166135223454	
0.600000000000	1.551020408163	1.742326354701	0.166146267192	
0.600000000000	1.551020408163	1.748326354701	0.166168959103	
0.600000000000	1.551020408163	1.754326354701	0.166202176228	
0.600000000000	1.551020408163	1.760326354701	0.166246150622	
0.600000000000	1.591836734694	1.744867734333	0.162381662161	
0.600000000000	1.591836734694	1.750867734333	0.162343132752	
0.600000000000	1.591836734694	1.756867734333	0.162318803428	
0.600000000000	1.591836734694	1.762867734333	0.162305726974	
0.600000000000	1.591836734694	1.768867734333	0.162303466351	
0.600000000000	1.591836734694	1.774867734333	0.162313158801	
0.600000000000	1.591836734694	1.780867734333	0.162333020121	
0.600000000000	1.591836734694	1.786867734333	0.162364085524	
0.600000000000	1.591836734694	1.792867734333	0.162404441382	
0.600000000000	1.632653061224	1.774498448572	0.158757503725	
0.600000000000	1.632653061224	1.780498448572	0.158703241611	
0.600000000000	1.632653061224	1.786498448572	0.158665416166	
0.600000000000	1.632653061224	1.792498448572	0.158642459602	
0.600000000000	1.632653061224	1.798498448572	0.158632194066	
0.600000000000	1.632653061224	1.804498448572	0.158633744206	
0.600000000000	1.632653061224	1.810498448572	0.158645206468	
0.600000000000	1.632653061224	1.816498448572	0.158668196644	
0.600000000000	1.632653061224	1.822498448572	0.158700695431	
0.600000000000	1.673469387755	1.812693806837	0.155370683647	
0.600000000000	1.673469387755	1.818693806837	0.155162385011	
0.600000000000	1.673469387755	1.824693806837	0.155130629674	
0.600000000000	1.673469387755	1.830693806837	0.155114041826	
0.600000000000	1.673469387755	1.836693806837	0.155109938328	
0.600000000000	1.673469387755	1.842693806837	0.155118408682	
0.600000000000	1.673469387755	1.848693806837	0.155136063065	
0.600000000000	1.673469387755	1.854693806837	0.155165803796	
0.600000000000	1.673469387755	1.860693806837	0.155204311869	
0.600000000000	1.714285714286	1.851413171368	0.152215468963	
0.600000000000	1.714285714286	1.857413171368	0.151767788174	
0.600000000000	1.714285714286	1.863413171368	0.151741461716	
0.600000000000	1.714285714286	1.869413171368	0.151731336987	
0.600000000000	1.714285714286	1.875413171368	0.151734032935	
0.600000000000	1.714285714286	1.881413171368	0.151749222565	
0.600000000000	1.714285714286	1.887413171368	0.151774000036	
0.600000000000	1.714285714286	1.893413171368	0.151809509466	
0.600000000000	1.714285714286	1.899413171368	0.151854689966	
0.600000000000	1.755102040816	1.890235806893	0.149179225765	
0.600000000000	1.755102040816	1.896235806893	0.148513043777	
0.600000000000	1.755102040816	1.902235806893	0.148492169048	
0.600000000000	1.755102040816	1.908235806893	0.148487748882	
0.600000000000	1.755102040816	1.914235806893	0.148496357956	
0.600000000000	1.755102040816	1.920235806893	0.148517624644	
0.600000000000	1.755102040816	1.926235806893	0.148548842027	
0.600000000000	1.755102040816	1.932235806893	0.148589577644	
0.600000000000	1.755102040816	1.938235806893	0.148641103554	
0.600000000000	1.795918367347	1.927698320093	0.146433838219	
0.600000000000	1.795918367347	1.933698320093	0.145709982358	
0.600000000000	1.795918367347	1.939698320093	0.145376953426	
0.600000000000	1.795918367347	1.945698320093	0.145373365700	
0.600000000000	1.795918367347	1.951698320093	0.145384682438	
0.600000000000	1.795918367347	1.957698320093	0.145407964038	
0.600000000000	1.795918367347	1.963698320093	0.145442884450	
0.600000000000	1.795918367347	1.969698320093	0.145486863674	
0.600000000000	1.795918367347	1.975698320093	0.145541042084	
0.600000000000	1.836734693878	1.965836332294	0.143717852387	
0.600000000000	1.836734693878	1.971836332294	0.143007156355	
0.600000000000	1.836734693878	1.977836332294	0.142383502187	
0.600000000000	1.836734693878	1.983836332294	0.142381932013	
0.600000000000	1.836734693878	1.989836332294	0.142396094389	
0.600000000000	1.836734693878	1.995836332294	0.142422571176	
0.600000000000	1.836734693878	2.001836332294	0.142461099091	
0.600000000000	1.836734693878	2.007836332294	0.142509086392	
0.600000000000	1.836734693878	2.013836332294	0.142566136053	
0.600000000000	1.877551020408	2.000000000000	0.141582904263	
0.600000000000	1.918367346939	2.000000000000	0.144032537054	
0.600000000000	1.959183673469	2.000000000000	0.147196449004	
0.600000000000	2.000000000000	2.000000000000	0.150853392847	
