############################################################################################################
# Fit points used to estimate minimums of wetness found for the following parameters:
# Body = RunningMan.in, vmax = 2 vfall
# dx = 0.001 m, nstep = 50
# nfit = 9, dv = 0.006 vfall
# Columns:
# vcross (vfall)	vtail (vfall)	vb (vfall)	Rb (m^2)
############################################################################################################
0.300000000000	0.000000000000	2.000000000000	0.454121826107	
0.300000000000	0.040816326531	2.000000000000	0.445564197047	
0.300000000000	0.081632653061	2.000000000000	0.437002048444	
0.300000000000	0.122448979592	2.000000000000	0.428434944299	
0.300000000000	0.163265306123	1.817331204891	0.419845984533	
0.300000000000	0.163265306123	1.823331204891	0.419845761465	
0.300000000000	0.163265306123	1.829331204891	0.419844775422	
0.300000000000	0.163265306123	1.835331204891	0.419844468017	
0.300000000000	0.163265306123	1.841331204891	0.419844121800	
0.300000000000	0.163265306123	1.847331204891	0.419843717166	
0.300000000000	0.163265306123	1.853331204891	0.419844913394	
0.300000000000	0.163265306123	1.859331204891	0.419844795945	
0.300000000000	0.163265306123	1.865331204891	0.419845757775	
0.300000000000	0.204081632653	1.087666585020	0.406263113052	
0.300000000000	0.204081632653	1.093666585020	0.406254387308	
0.300000000000	0.204081632653	1.099666585020	0.406249438510	
0.300000000000	0.204081632653	1.105666585020	0.406246366062	
0.300000000000	0.204081632653	1.111666585020	0.406245689783	
0.300000000000	0.204081632653	1.117666585020	0.406246547229	
0.300000000000	0.204081632653	1.123666585020	0.406250434618	
0.300000000000	0.204081632653	1.129666585020	0.406256294452	
0.300000000000	0.204081632653	1.135666585020	0.406265055924	
0.300000000000	0.244897959184	1.025061388616	0.391222586737	
0.300000000000	0.244897959184	1.031061388616	0.391191594503	
0.300000000000	0.244897959184	1.037061388616	0.391168470944	
0.300000000000	0.244897959184	1.043061388616	0.391153672919	
0.300000000000	0.244897959184	1.049061388616	0.391147107227	
0.300000000000	0.244897959184	1.055061388616	0.391147346610	
0.300000000000	0.244897959184	1.061061388616	0.391154631137	
0.300000000000	0.244897959184	1.067061388616	0.391168740568	
0.300000000000	0.244897959184	1.073061388616	0.391186931589	
0.300000000000	0.285714285714	1.009571840997	0.376164635428	
0.300000000000	0.285714285714	1.015571840997	0.376133281438	
0.300000000000	0.285714285714	1.021571840997	0.376112061224	
0.300000000000	0.285714285714	1.027571840997	0.376099231528	
0.300000000000	0.285714285714	1.033571840997	0.376096566982	
0.300000000000	0.285714285714	1.039571840997	0.376103764357	
0.300000000000	0.285714285714	1.045571840997	0.376120591114	
0.300000000000	0.285714285714	1.051571840997	0.376146908965	
0.300000000000	0.285714285714	1.057571840997	0.376180194789	
0.300000000000	0.326530612245	0.997270947961	0.361505773884	
0.300000000000	0.326530612245	1.003270947961	0.361473117387	
0.300000000000	0.326530612245	1.009270947961	0.361450212802	
0.300000000000	0.326530612245	1.015270947961	0.361436105788	
0.300000000000	0.326530612245	1.021270947961	0.361430656650	
0.300000000000	0.326530612245	1.027270947961	0.361433823172	
0.300000000000	0.326530612245	1.033270947961	0.361446916246	
0.300000000000	0.326530612245	1.039270947961	0.361473328550	
0.300000000000	0.326530612245	1.045270947961	0.361509484347	
0.300000000000	0.367346938776	0.971906524012	0.347150021243	
0.300000000000	0.367346938776	0.977906524012	0.347135131355	
0.300000000000	0.367346938776	0.983906524012	0.347131706842	
0.300000000000	0.367346938776	0.989906524012	0.347129115408	
0.300000000000	0.367346938776	0.995906524012	0.347130511793	
0.300000000000	0.367346938776	1.001906524012	0.347134916712	
0.300000000000	0.367346938776	1.007906524012	0.347144752130	
0.300000000000	0.367346938776	1.013906524012	0.347158363036	
0.300000000000	0.367346938776	1.019906524012	0.347179043551	
0.300000000000	0.408163265306	0.900011185496	0.332694827794	
0.300000000000	0.408163265306	0.906011185496	0.332666836578	
0.300000000000	0.408163265306	0.912011185496	0.332648797647	
0.300000000000	0.408163265306	0.918011185496	0.332636827461	
0.300000000000	0.408163265306	0.924011185496	0.332631733341	
0.300000000000	0.408163265306	0.930011185496	0.332634426211	
0.300000000000	0.408163265306	0.936011185496	0.332643657942	
0.300000000000	0.408163265306	0.942011185496	0.332658930077	
0.300000000000	0.408163265306	0.948011185496	0.332679179185	
0.300000000000	0.448979591837	0.869286786199	0.318066652665	
0.300000000000	0.448979591837	0.875286786199	0.318032051751	
0.300000000000	0.448979591837	0.881286786199	0.318007533237	
0.300000000000	0.448979591837	0.887286786199	0.317993971242	
0.300000000000	0.448979591837	0.893286786199	0.317992006256	
0.300000000000	0.448979591837	0.899286786199	0.318002746008	
0.300000000000	0.448979591837	0.905286786199	0.318023884951	
0.300000000000	0.448979591837	0.911286786199	0.318048287482	
0.300000000000	0.448979591837	0.917286786199	0.318077761069	
0.300000000000	0.489795918368	0.849813197519	0.303730799672	
0.300000000000	0.489795918368	0.855813197519	0.303680885167	
0.300000000000	0.489795918368	0.861813197519	0.303645147573	
0.300000000000	0.489795918368	0.867813197519	0.303622431502	
0.300000000000	0.489795918368	0.873813197519	0.303613932512	
0.300000000000	0.489795918368	0.879813197519	0.303617370960	
0.300000000000	0.489795918368	0.885813197519	0.303633753962	
0.300000000000	0.489795918368	0.891813197519	0.303664822435	
0.300000000000	0.489795918368	0.897813197519	0.303703590603	
0.300000000000	0.530612244898	0.848334676100	0.289959890076	
0.300000000000	0.530612244898	0.854334676100	0.289877124008	
0.300000000000	0.530612244898	0.860334676100	0.289815031134	
0.300000000000	0.530612244898	0.866334676100	0.289775357564	
0.300000000000	0.530612244898	0.872334676100	0.289757896970	
0.300000000000	0.530612244898	0.878334676100	0.289759932046	
0.300000000000	0.530612244898	0.884334676100	0.289777267226	
0.300000000000	0.530612244898	0.890334676100	0.289809427993	
0.300000000000	0.530612244898	0.896334676100	0.289854395851	
0.300000000000	0.571428571429	0.866077913838	0.276807224645	
0.300000000000	0.571428571429	0.872077913838	0.276732763620	
0.300000000000	0.571428571429	0.878077913838	0.276682802209	
0.300000000000	0.571428571429	0.884077913838	0.276655290703	
0.300000000000	0.571428571429	0.890077913838	0.276649609505	
0.300000000000	0.571428571429	0.896077913838	0.276662847139	
0.300000000000	0.571428571429	0.902077913838	0.276694568024	
0.300000000000	0.571428571429	0.908077913838	0.276746666926	
0.300000000000	0.571428571429	0.914077913838	0.276818547202	
0.300000000000	0.612244897959	0.882054540925	0.264626240962	
0.300000000000	0.612244897959	0.888054540925	0.264504297843	
0.300000000000	0.612244897959	0.894054540925	0.264420742459	
0.300000000000	0.612244897959	0.900054540925	0.264371379633	
0.300000000000	0.612244897959	0.906054540925	0.264350037748	
0.300000000000	0.612244897959	0.912054540925	0.264357149859	
0.300000000000	0.612244897959	0.918054540925	0.264386684868	
0.300000000000	0.612244897959	0.924054540925	0.264437479125	
0.300000000000	0.612244897959	0.930054540925	0.264508363172	
0.300000000000	0.653061224490	0.910059769084	0.253117976405	
0.300000000000	0.653061224490	0.916059769084	0.253008997959	
0.300000000000	0.653061224490	0.922059769084	0.252930850421	
0.300000000000	0.653061224490	0.928059769084	0.252885810573	
0.300000000000	0.653061224490	0.934059769084	0.252875349858	
0.300000000000	0.653061224490	0.940059769084	0.252897870856	
0.300000000000	0.653061224490	0.946059769084	0.252946560240	
0.300000000000	0.653061224490	0.952059769084	0.253021322602	
0.300000000000	0.653061224490	0.958059769084	0.253118219713	
0.300000000000	0.693877551021	0.938708881673	0.242410367767	
0.300000000000	0.693877551021	0.944708881673	0.242318234522	
0.300000000000	0.693877551021	0.950708881673	0.242254307943	
0.300000000000	0.693877551021	0.956708881673	0.242217293393	
0.300000000000	0.693877551021	0.962708881673	0.242209079653	
0.300000000000	0.693877551021	0.968708881673	0.242231417592	
0.300000000000	0.693877551021	0.974708881673	0.242286024092	
0.300000000000	0.693877551021	0.980708881673	0.242371545743	
0.300000000000	0.693877551021	0.986708881673	0.242481670108	
0.300000000000	0.734693877551	0.964454196253	0.232503068536	
0.300000000000	0.734693877551	0.970454196253	0.232404186277	
0.300000000000	0.734693877551	0.976454196253	0.232334142994	
0.300000000000	0.734693877551	0.982454196253	0.232292954409	
0.300000000000	0.734693877551	0.988454196253	0.232279429668	
0.300000000000	0.734693877551	0.994454196253	0.232290678814	
0.300000000000	0.734693877551	1.000454196253	0.232328050905	
0.300000000000	0.734693877551	1.006454196253	0.232392872850	
0.300000000000	0.734693877551	1.012454196253	0.232487007329	
0.300000000000	0.775510204082	0.994089204989	0.223253470169	
0.300000000000	0.775510204082	1.000089204989	0.223119646038	
0.300000000000	0.775510204082	1.006089204989	0.223056228987	
0.300000000000	0.775510204082	1.012089204989	0.223021005231	
0.300000000000	0.775510204082	1.018089204989	0.223012961066	
0.300000000000	0.775510204082	1.024089204989	0.223031506695	
0.300000000000	0.775510204082	1.030089204989	0.223075571275	
0.300000000000	0.775510204082	1.036089204989	0.223142987142	
0.300000000000	0.775510204082	1.042089204989	0.223235148387	
0.300000000000	0.816326530613	1.025061388616	0.214723017448	
0.300000000000	0.816326530613	1.031061388616	0.214537679264	
0.300000000000	0.816326530613	1.037061388616	0.214409526422	
0.300000000000	0.816326530613	1.043061388616	0.214362604825	
0.300000000000	0.816326530613	1.049061388616	0.214362132795	
0.300000000000	0.816326530613	1.055061388616	0.214386818604	
0.300000000000	0.816326530613	1.061061388616	0.214437204753	
0.300000000000	0.816326530613	1.067061388616	0.214512544336	
0.300000000000	0.816326530613	1.073061388616	0.214610952114	
0.300000000000	0.857142857143	1.056318054056	0.206819788020	
0.300000000000	0.857142857143	1.062318054056	0.206603877093	
0.300000000000	0.857142857143	1.068318054056	0.206440377669	
0.300000000000	0.857142857143	1.074318054056	0.206329046331	
0.300000000000	0.857142857143	1.080318054056	0.206279158948	
0.300000000000	0.857142857143	1.086318054056	0.206304907095	
0.300000000000	0.857142857143	1.092318054056	0.206358511235	
0.300000000000	0.857142857143	1.098318054056	0.206436267078	
0.300000000000	0.857142857143	1.104318054056	0.206537756722	
0.300000000000	0.897959183674	1.094715533623	0.199206141974	
0.300000000000	0.897959183674	1.100715533623	0.199020061509	
0.300000000000	0.897959183674	1.106715533623	0.198884068038	
0.300000000000	0.897959183674	1.112715533623	0.198797931386	
0.300000000000	0.897959183674	1.118715533623	0.198763693745	
0.300000000000	0.897959183674	1.124715533623	0.198803974983	
0.300000000000	0.897959183674	1.130715533623	0.198886160770	
0.300000000000	0.897959183674	1.136715533623	0.198990878152	
0.300000000000	0.897959183674	1.142715533623	0.199118564699	
0.300000000000	0.938775510204	1.132438325336	0.192137549643	
0.300000000000	0.938775510204	1.138438325336	0.191971487621	
0.300000000000	0.938775510204	1.144438325336	0.191852556653	
0.300000000000	0.938775510204	1.150438325336	0.191781726260	
0.300000000000	0.938775510204	1.156438325336	0.191758208762	
0.300000000000	0.938775510204	1.162438325336	0.191792759916	
0.300000000000	0.938775510204	1.168438325336	0.191895130368	
0.300000000000	0.938775510204	1.174438325336	0.192020508825	
0.300000000000	0.938775510204	1.180438325336	0.192167435343	
0.300000000000	0.979591836735	1.169467927337	0.185555010260	
0.300000000000	0.979591836735	1.175467927337	0.185401166014	
0.300000000000	0.979591836735	1.181467927337	0.185291655895	
0.300000000000	0.979591836735	1.187467927337	0.185227598679	
0.300000000000	0.979591836735	1.193467927337	0.185209384434	
0.300000000000	0.979591836735	1.199467927337	0.185237039245	
0.300000000000	0.979591836735	1.205467927337	0.185332116560	
0.300000000000	0.979591836735	1.211467927337	0.185472094354	
0.300000000000	0.979591836735	1.217467927337	0.185633013786	
0.300000000000	1.020408163265	1.203243682448	0.179488080332	
0.300000000000	1.020408163265	1.209243682448	0.179321948886	
0.300000000000	1.020408163265	1.215243682448	0.179196717222	
0.300000000000	1.020408163265	1.221243682448	0.179113870337	
0.300000000000	1.020408163265	1.227243682448	0.179074725994	
0.300000000000	1.020408163265	1.233243682448	0.179079495563	
0.300000000000	1.020408163265	1.239243682448	0.179128271605	
0.300000000000	1.020408163265	1.245243682448	0.179236786471	
0.300000000000	1.020408163265	1.251243682448	0.179397156596	
0.300000000000	1.061224489796	1.244753467595	0.173581959921	
0.300000000000	1.061224489796	1.250753467595	0.173454249302	
0.300000000000	1.061224489796	1.256753467595	0.173365642736	
0.300000000000	1.061224489796	1.262753467595	0.173317908168	
0.300000000000	1.061224489796	1.268753467595	0.173312196968	
0.300000000000	1.061224489796	1.274753467595	0.173348925149	
0.300000000000	1.061224489796	1.280753467595	0.173428127717	
0.300000000000	1.061224489796	1.286753467595	0.173567658289	
0.300000000000	1.061224489796	1.292753467595	0.173752129817	
0.300000000000	1.102040816326	1.276506629988	0.168291483620	
0.300000000000	1.102040816326	1.282506629988	0.168135462961	
0.300000000000	1.102040816326	1.288506629988	0.168017870031	
0.300000000000	1.102040816326	1.294506629988	0.167938261794	
0.300000000000	1.102040816326	1.300506629988	0.167896946222	
0.300000000000	1.102040816326	1.306506629988	0.167895250194	
0.300000000000	1.102040816326	1.312506629988	0.167934452668	
0.300000000000	1.102040816326	1.318506629988	0.168014325798	
0.300000000000	1.102040816326	1.324506629988	0.168139989401	
0.300000000000	1.142857142857	1.314860929639	0.163140494294	
0.300000000000	1.142857142857	1.320860929639	0.162997541221	
0.300000000000	1.142857142857	1.326860929639	0.162891755052	
0.300000000000	1.142857142857	1.332860929639	0.162822623813	
0.300000000000	1.142857142857	1.338860929639	0.162790286449	
0.300000000000	1.142857142857	1.344860929639	0.162795781093	
0.300000000000	1.142857142857	1.350860929639	0.162840168735	
0.300000000000	1.142857142857	1.356860929639	0.162923917224	
0.300000000000	1.142857142857	1.362860929639	0.163047126175	
0.300000000000	1.183673469387	1.355335099143	0.158236384735	
0.300000000000	1.183673469387	1.361335099143	0.158117289657	
0.300000000000	1.183673469387	1.367335099143	0.158034182566	
0.300000000000	1.183673469387	1.373335099143	0.157986551040	
0.300000000000	1.183673469387	1.379335099143	0.157973886798	
0.300000000000	1.183673469387	1.385335099143	0.157997951656	
0.300000000000	1.183673469387	1.391335099143	0.158059608591	
0.300000000000	1.183673469387	1.397335099143	0.158159439383	
0.300000000000	1.183673469387	1.403335099143	0.158297566401	
0.300000000000	1.224489795918	1.392095766181	0.153695210468	
0.300000000000	1.224489795918	1.398095766181	0.153575691841	
0.300000000000	1.224489795918	1.404095766181	0.153491126983	
0.300000000000	1.224489795918	1.410095766181	0.153441028122	
0.300000000000	1.224489795918	1.416095766181	0.153425075329	
0.300000000000	1.224489795918	1.422095766181	0.153443268257	
0.300000000000	1.224489795918	1.428095766181	0.153497311042	
0.300000000000	1.224489795918	1.434095766181	0.153587911019	
0.300000000000	1.224489795918	1.440095766181	0.153715140663	
0.300000000000	1.265306122449	1.425522282007	0.149484140187	
0.300000000000	1.265306122449	1.431522282007	0.149345104438	
0.300000000000	1.265306122449	1.437522282007	0.149238934859	
0.300000000000	1.265306122449	1.443522282007	0.149167153308	
0.300000000000	1.265306122449	1.449522282007	0.149128599159	
0.300000000000	1.265306122449	1.455522282007	0.149123235011	
0.300000000000	1.265306122449	1.461522282007	0.149150987329	
0.300000000000	1.265306122449	1.467522282007	0.149213088064	
0.300000000000	1.265306122449	1.473522282007	0.149310326827	
0.300000000000	1.306122448979	1.465980871885	0.145331318281	
0.300000000000	1.306122448979	1.471980871885	0.145211189638	
0.300000000000	1.306122448979	1.477980871885	0.145122626222	
0.300000000000	1.306122448979	1.483980871885	0.145067406886	
0.300000000000	1.306122448979	1.489980871885	0.145044727334	
0.300000000000	1.306122448979	1.495980871885	0.145053980712	
0.300000000000	1.306122448979	1.501980871885	0.145095255809	
0.300000000000	1.306122448979	1.507980871885	0.145169732629	
0.300000000000	1.306122448979	1.513980871885	0.145278392320	
0.300000000000	1.346938775510	1.505124483301	0.141428928822	
0.300000000000	1.346938775510	1.511124483301	0.141318006504	
0.300000000000	1.346938775510	1.517124483301	0.141238987830	
0.300000000000	1.346938775510	1.523124483301	0.141191730604	
0.300000000000	1.346938775510	1.529124483301	0.141176187777	
0.300000000000	1.346938775510	1.535124483301	0.141191715774	
0.300000000000	1.346938775510	1.541124483301	0.141238145728	
0.300000000000	1.346938775510	1.547124483301	0.141316187663	
0.300000000000	1.346938775510	1.553124483301	0.141427341080	
0.300000000000	1.387755102041	1.544931379441	0.137713928791	
0.300000000000	1.387755102041	1.550931379441	0.137614606235	
0.300000000000	1.387755102041	1.556931379441	0.137546647907	
0.300000000000	1.387755102041	1.562931379441	0.137509815098	
0.300000000000	1.387755102041	1.568931379441	0.137503746234	
0.300000000000	1.387755102041	1.574931379441	0.137527953280	
0.300000000000	1.387755102041	1.580931379441	0.137582033004	
0.300000000000	1.387755102041	1.586931379441	0.137666730159	
0.300000000000	1.387755102041	1.592931379441	0.137783221071	
0.300000000000	1.428571428571	1.579001045615	0.134301739217	
0.300000000000	1.428571428571	1.585001045615	0.134182081384	
0.300000000000	1.428571428571	1.591001045615	0.134094635048	
0.300000000000	1.428571428571	1.597001045615	0.134038159832	
0.300000000000	1.428571428571	1.603001045615	0.134011433905	
0.300000000000	1.428571428571	1.609001045615	0.134014744664	
0.300000000000	1.428571428571	1.615001045615	0.134047494655	
0.300000000000	1.428571428571	1.621001045615	0.134109466745	
0.300000000000	1.428571428571	1.627001045615	0.134200984478	
0.300000000000	1.469387755102	1.619947457148	0.130915044925	
0.300000000000	1.469387755102	1.625947457148	0.130811512391	
0.300000000000	1.469387755102	1.631947457148	0.130739321121	
0.300000000000	1.469387755102	1.637947457148	0.130697142838	
0.300000000000	1.469387755102	1.643947457148	0.130683909517	
0.300000000000	1.469387755102	1.649947457148	0.130699806273	
0.300000000000	1.469387755102	1.655947457148	0.130744434325	
0.300000000000	1.469387755102	1.661947457148	0.130817453240	
0.300000000000	1.469387755102	1.667947457148	0.130919290626	
0.300000000000	1.510204081632	1.658694501827	0.127735510482	
0.300000000000	1.510204081632	1.664694501827	0.127635983408	
0.300000000000	1.510204081632	1.670694501827	0.127566033016	
0.300000000000	1.510204081632	1.676694501827	0.127527090412	
0.300000000000	1.510204081632	1.682694501827	0.127515269690	
0.300000000000	1.510204081632	1.688694501827	0.127532521752	
0.300000000000	1.510204081632	1.694694501827	0.127577410460	
0.300000000000	1.510204081632	1.700694501827	0.127650195793	
0.300000000000	1.510204081632	1.706694501827	0.127750658949	
0.300000000000	1.551020408163	1.696795578312	0.124716581238	
0.300000000000	1.551020408163	1.702795578312	0.124616559522	
0.300000000000	1.551020408163	1.708795578312	0.124545838869	
0.300000000000	1.551020408163	1.714795578312	0.124505088713	
0.300000000000	1.551020408163	1.720795578312	0.124492079824	
0.300000000000	1.551020408163	1.726795578312	0.124506722174	
0.300000000000	1.551020408163	1.732795578312	0.124549129387	
0.300000000000	1.551020408163	1.738795578312	0.124618525536	
0.300000000000	1.551020408163	1.744795578312	0.124714550418	
0.300000000000	1.591836734694	1.733043017817	0.121873514867	
0.300000000000	1.591836734694	1.739043017817	0.121763640209	
0.300000000000	1.591836734694	1.745043017817	0.121683330966	
0.300000000000	1.591836734694	1.751043017817	0.121630627369	
0.300000000000	1.591836734694	1.757043017817	0.121607829522	
0.300000000000	1.591836734694	1.763043017817	0.121610988924	
0.300000000000	1.591836734694	1.769043017817	0.121641572326	
0.300000000000	1.591836734694	1.775043017817	0.121698859143	
0.300000000000	1.591836734694	1.781043017817	0.121782384498	
0.300000000000	1.632653061224	1.777094499554	0.119012485207	
0.300000000000	1.632653061224	1.783094499554	0.118930185513	
0.300000000000	1.632653061224	1.789094499554	0.118875778429	
0.300000000000	1.632653061224	1.795094499554	0.118849489578	
0.300000000000	1.632653061224	1.801094499554	0.118850250489	
0.300000000000	1.632653061224	1.807094499554	0.118877021668	
0.300000000000	1.632653061224	1.813094499554	0.118930089473	
0.300000000000	1.632653061224	1.819094499554	0.119008975442	
0.300000000000	1.632653061224	1.825094499554	0.119113512301	
0.300000000000	1.673469387755	1.814092241797	0.116400981315	
0.300000000000	1.673469387755	1.820092241797	0.116311374654	
0.300000000000	1.673469387755	1.826092241797	0.116249688358	
0.300000000000	1.673469387755	1.832092241797	0.116214699502	
0.300000000000	1.673469387755	1.838092241797	0.116207969700	
0.300000000000	1.673469387755	1.844092241797	0.116226320524	
0.300000000000	1.673469387755	1.850092241797	0.116270398765	
0.300000000000	1.673469387755	1.856092241797	0.116339970719	
0.300000000000	1.673469387755	1.862092241797	0.116434709007	
0.300000000000	1.714285714286	1.853202997054	0.113960973632	
0.300000000000	1.714285714286	1.859202997054	0.113779744763	
0.300000000000	1.714285714286	1.865202997054	0.113719947069	
0.300000000000	1.714285714286	1.871202997054	0.113686676637	
0.300000000000	1.714285714286	1.877202997054	0.113680269427	
0.300000000000	1.714285714286	1.883202997054	0.113699297119	
0.300000000000	1.714285714286	1.889202997054	0.113743365000	
0.300000000000	1.714285714286	1.895202997054	0.113812448605	
0.300000000000	1.714285714286	1.901202997054	0.113906147465	
0.300000000000	1.755102040816	1.894802135748	0.111449170337	
0.300000000000	1.755102040816	1.900802135748	0.111327570188	
0.300000000000	1.755102040816	1.906802135748	0.111280036834	
0.300000000000	1.755102040816	1.912802135748	0.111258342103	
0.300000000000	1.755102040816	1.918802135748	0.111263155222	
0.300000000000	1.755102040816	1.924802135748	0.111292485431	
0.300000000000	1.755102040816	1.930802135748	0.111346296161	
0.300000000000	1.755102040816	1.936802135748	0.111424671530	
0.300000000000	1.755102040816	1.942802135748	0.111527039469	
0.300000000000	1.795918367347	1.933845435473	0.109221341689	
0.300000000000	1.795918367347	1.939845435473	0.109003496564	
0.300000000000	1.795918367347	1.945845435473	0.108956668649	
0.300000000000	1.795918367347	1.951845435473	0.108935460299	
0.300000000000	1.795918367347	1.957845435473	0.108939672997	
0.300000000000	1.795918367347	1.963845435473	0.108968710966	
0.300000000000	1.795918367347	1.969845435473	0.109021362253	
0.300000000000	1.795918367347	1.975845435473	0.109097856651	
0.300000000000	1.795918367347	1.981845435473	0.109197876492	
0.300000000000	1.836734693878	1.970000000000	0.107284402127	
0.300000000000	1.836734693878	1.976000000000	0.106874657108	
0.300000000000	1.836734693878	1.982000000000	0.106746515267	
0.300000000000	1.836734693878	1.988000000000	0.106712995790	
0.300000000000	1.836734693878	1.994000000000	0.106704190320	
0.300000000000	1.836734693878	2.000000000000	0.106720560000	
0.300000000000	1.836734693878	2.006000000000	0.106760572862	
0.300000000000	1.836734693878	2.012000000000	0.106824115034	
0.300000000000	1.836734693878	2.018000000000	0.106910995216	
0.300000000000	1.877551020408	2.000000000000	0.105882277454	
0.300000000000	1.918367346939	2.000000000000	0.107349662401	
0.300000000000	1.959183673469	2.000000000000	0.110000606888	
0.300000000000	2.000000000000	2.000000000000	0.113372216189	
