############################################################################################################
# Fit points used to estimate minimums of wetness found for the following parameters:
# Body = RunningMan.in, vmax = 2 vfall
# dx = 0.001 m, nstep = 50
# nfit = 9, dv = 0.006 vfall
# Columns:
# vcross (vfall)	vtail (vfall)	vb (vfall)	Rb (m^2)
############################################################################################################
0.800000000000	0.000000000000	2.000000000000	0.476972415649	
0.800000000000	0.040816326531	2.000000000000	0.468743284995	
0.800000000000	0.081632653061	2.000000000000	0.460542306000	
0.800000000000	0.122448979592	2.000000000000	0.452374197094	
0.800000000000	0.163265306122	2.000000000000	0.444244549860	
0.800000000000	0.204081632653	2.000000000000	0.436155611863	
0.800000000000	0.244897959184	2.000000000000	0.428112015256	
0.800000000000	0.285714285714	2.000000000000	0.420113409155	
0.800000000000	0.326530612245	2.000000000000	0.412149709906	
0.800000000000	0.367346938776	2.000000000000	0.404223026280	
0.800000000000	0.408163265306	2.000000000000	0.396329713024	
0.800000000000	0.448979591837	2.000000000000	0.388469568569	
0.800000000000	0.489795918367	1.951097858243	0.380659773566	
0.800000000000	0.489795918367	1.957097858243	0.380654828807	
0.800000000000	0.489795918367	1.963097858243	0.380651076212	
0.800000000000	0.489795918367	1.969097858243	0.380649666912	
0.800000000000	0.489795918367	1.975097858243	0.380648332549	
0.800000000000	0.489795918367	1.981097858243	0.380647555643	
0.800000000000	0.489795918367	1.987097858243	0.380649034636	
0.800000000000	0.489795918367	1.993097858243	0.380650741098	
0.800000000000	0.489795918367	1.999097858243	0.380652975028	
0.800000000000	0.530612244898	1.888358768165	0.372740471539	
0.800000000000	0.530612244898	1.894358768165	0.372735460838	
0.800000000000	0.530612244898	1.900358768165	0.372732997929	
0.800000000000	0.530612244898	1.906358768165	0.372732258427	
0.800000000000	0.530612244898	1.912358768165	0.372732771552	
0.800000000000	0.530612244898	1.918358768165	0.372734993147	
0.800000000000	0.530612244898	1.924358768165	0.372738868409	
0.800000000000	0.530612244898	1.930358768165	0.372743010173	
0.800000000000	0.530612244898	1.936358768165	0.372748547501	
0.800000000000	0.571428571429	1.811940657793	0.364715664861	
0.800000000000	0.571428571429	1.817940657793	0.364710269189	
0.800000000000	0.571428571429	1.823940657793	0.364706243776	
0.800000000000	0.571428571429	1.829940657793	0.364704124557	
0.800000000000	0.571428571429	1.835940657793	0.364703210874	
0.800000000000	0.571428571429	1.841940657793	0.364703103407	
0.800000000000	0.571428571429	1.847940657793	0.364704691064	
0.800000000000	0.571428571429	1.853940657793	0.364708525008	
0.800000000000	0.571428571429	1.859940657793	0.364713102484	
0.800000000000	0.612244897959	1.750331049564	0.356549821753	
0.800000000000	0.612244897959	1.756331049564	0.356544707689	
0.800000000000	0.612244897959	1.762331049564	0.356540165434	
0.800000000000	0.612244897959	1.768331049564	0.356538363085	
0.800000000000	0.612244897959	1.774331049564	0.356538340847	
0.800000000000	0.612244897959	1.780331049564	0.356539464174	
0.800000000000	0.612244897959	1.786331049564	0.356542265155	
0.800000000000	0.612244897959	1.792331049564	0.356547463751	
0.800000000000	0.612244897959	1.798331049564	0.356553981568	
0.800000000000	0.653061224490	1.669730997634	0.348270796012	
0.800000000000	0.653061224490	1.675730997634	0.348267472286	
0.800000000000	0.653061224490	1.681730997634	0.348265497264	
0.800000000000	0.653061224490	1.687730997634	0.348264821446	
0.800000000000	0.653061224490	1.693730997634	0.348263385461	
0.800000000000	0.653061224490	1.699730997634	0.348263337139	
0.800000000000	0.653061224490	1.705730997634	0.348265251746	
0.800000000000	0.653061224490	1.711730997634	0.348266636211	
0.800000000000	0.653061224490	1.717730997634	0.348270281660	
0.800000000000	0.693877551020	1.611222693197	0.339800567088	
0.800000000000	0.693877551020	1.617222693197	0.339786117114	
0.800000000000	0.693877551020	1.623222693197	0.339776486525	
0.800000000000	0.693877551020	1.629222693197	0.339769664328	
0.800000000000	0.693877551020	1.635222693197	0.339767929529	
0.800000000000	0.693877551020	1.641222693197	0.339769173391	
0.800000000000	0.693877551020	1.647222693197	0.339773457396	
0.800000000000	0.693877551020	1.653222693197	0.339782503337	
0.800000000000	0.693877551020	1.659222693197	0.339792041942	
0.800000000000	0.734693877551	1.611153903928	0.331441871674	
0.800000000000	0.734693877551	1.617153903928	0.331418138643	
0.800000000000	0.734693877551	1.623153903928	0.331400123914	
0.800000000000	0.734693877551	1.629153903928	0.331388704786	
0.800000000000	0.734693877551	1.635153903928	0.331384873238	
0.800000000000	0.734693877551	1.641153903928	0.331387107935	
0.800000000000	0.734693877551	1.647153903928	0.331395600208	
0.800000000000	0.734693877551	1.653153903928	0.331407427877	
0.800000000000	0.734693877551	1.659153903928	0.331424782913	
0.800000000000	0.775510204082	1.623481611754	0.323276549243	
0.800000000000	0.775510204082	1.629481611754	0.323264675548	
0.800000000000	0.775510204082	1.635481611754	0.323256647353	
0.800000000000	0.775510204082	1.641481611754	0.323251837499	
0.800000000000	0.775510204082	1.647481611754	0.323250911451	
0.800000000000	0.775510204082	1.653481611754	0.323254128285	
0.800000000000	0.775510204082	1.659481611754	0.323262256389	
0.800000000000	0.775510204082	1.665481611754	0.323274736500	
0.800000000000	0.775510204082	1.671481611754	0.323295632098	
0.800000000000	0.816326530612	1.614283343406	0.315342014376	
0.800000000000	0.816326530612	1.620283343406	0.315329211050	
0.800000000000	0.816326530612	1.626283343406	0.315321472588	
0.800000000000	0.816326530612	1.632283343406	0.315316831248	
0.800000000000	0.816326530612	1.638283343406	0.315315042561	
0.800000000000	0.816326530612	1.644283343406	0.315317654396	
0.800000000000	0.816326530612	1.650283343406	0.315322312904	
0.800000000000	0.816326530612	1.656283343406	0.315331174283	
0.800000000000	0.816326530612	1.662283343406	0.315343666800	
0.800000000000	0.857142857143	1.605229887727	0.307563980989	
0.800000000000	0.857142857143	1.611229887727	0.307550912054	
0.800000000000	0.857142857143	1.617229887727	0.307540962035	
0.800000000000	0.857142857143	1.623229887727	0.307535697928	
0.800000000000	0.857142857143	1.629229887727	0.307532868312	
0.800000000000	0.857142857143	1.635229887727	0.307534364679	
0.800000000000	0.857142857143	1.641229887727	0.307539651005	
0.800000000000	0.857142857143	1.647229887727	0.307548552067	
0.800000000000	0.857142857143	1.653229887727	0.307560240482	
0.800000000000	0.897959183673	1.598706232642	0.299939759597	
0.800000000000	0.897959183673	1.604706232642	0.299928239186	
0.800000000000	0.897959183673	1.610706232642	0.299919222179	
0.800000000000	0.897959183673	1.616706232642	0.299914214992	
0.800000000000	0.897959183673	1.622706232642	0.299912683443	
0.800000000000	0.897959183673	1.628706232642	0.299914486663	
0.800000000000	0.897959183673	1.634706232642	0.299918629354	
0.800000000000	0.897959183673	1.640706232642	0.299927230722	
0.800000000000	0.897959183673	1.646706232642	0.299939018450	
0.800000000000	0.938775510204	1.589644895237	0.292449729273	
0.800000000000	0.938775510204	1.595644895237	0.292441863712	
0.800000000000	0.938775510204	1.601644895237	0.292437512280	
0.800000000000	0.938775510204	1.607644895237	0.292435766727	
0.800000000000	0.938775510204	1.613644895237	0.292436467210	
0.800000000000	0.938775510204	1.619644895237	0.292439975538	
0.800000000000	0.938775510204	1.625644895237	0.292446541337	
0.800000000000	0.938775510204	1.631644895237	0.292456018927	
0.800000000000	0.938775510204	1.637644895237	0.292468018288	
0.800000000000	0.979591836735	1.562108256789	0.285096179356	
0.800000000000	0.979591836735	1.568108256789	0.285082883104	
0.800000000000	0.979591836735	1.574108256789	0.285073117975	
0.800000000000	0.979591836735	1.580108256789	0.285067130697	
0.800000000000	0.979591836735	1.586108256789	0.285064102994	
0.800000000000	0.979591836735	1.592108256789	0.285063402360	
0.800000000000	0.979591836735	1.598108256789	0.285066042650	
0.800000000000	0.979591836735	1.604108256789	0.285072225706	
0.800000000000	0.979591836735	1.610108256789	0.285080250523	
0.800000000000	1.020408163265	1.552306905095	0.277850210080	
0.800000000000	1.020408163265	1.558306905095	0.277833956225	
0.800000000000	1.020408163265	1.564306905095	0.277822080483	
0.800000000000	1.020408163265	1.570306905095	0.277814543055	
0.800000000000	1.020408163265	1.576306905095	0.277810765189	
0.800000000000	1.020408163265	1.582306905095	0.277810637992	
0.800000000000	1.020408163265	1.588306905095	0.277813804250	
0.800000000000	1.020408163265	1.594306905095	0.277821032073	
0.800000000000	1.020408163265	1.600306905095	0.277831665688	
0.800000000000	1.061224489796	1.553717810093	0.270763826679	
0.800000000000	1.061224489796	1.559717810093	0.270746380979	
0.800000000000	1.061224489796	1.565717810093	0.270734194612	
0.800000000000	1.061224489796	1.571717810093	0.270725435852	
0.800000000000	1.061224489796	1.577717810093	0.270721634768	
0.800000000000	1.061224489796	1.583717810093	0.270722156618	
0.800000000000	1.061224489796	1.589717810093	0.270727560533	
0.800000000000	1.061224489796	1.595717810093	0.270736155382	
0.800000000000	1.061224489796	1.601717810093	0.270748809471	
0.800000000000	1.102040816327	1.560282472393	0.263866485839	
0.800000000000	1.102040816327	1.566282472393	0.263849709414	
0.800000000000	1.102040816327	1.572282472393	0.263837403889	
0.800000000000	1.102040816327	1.578282472393	0.263829707275	
0.800000000000	1.102040816327	1.584282472393	0.263826746120	
0.800000000000	1.102040816327	1.590282472393	0.263828814923	
0.800000000000	1.102040816327	1.596282472393	0.263834761504	
0.800000000000	1.102040816327	1.602282472393	0.263845479217	
0.800000000000	1.102040816327	1.608282472393	0.263859880386	
0.800000000000	1.142857142857	1.568075343641	0.257187048962	
0.800000000000	1.142857142857	1.574075343641	0.257164068397	
0.800000000000	1.142857142857	1.580075343641	0.257148387944	
0.800000000000	1.142857142857	1.586075343641	0.257139784181	
0.800000000000	1.142857142857	1.592075343641	0.257135931337	
0.800000000000	1.142857142857	1.598075343641	0.257137850205	
0.800000000000	1.142857142857	1.604075343641	0.257143821784	
0.800000000000	1.142857142857	1.610075343641	0.257154175082	
0.800000000000	1.142857142857	1.616075343641	0.257169757180	
0.800000000000	1.183673469388	1.586877135047	0.250720510679	
0.800000000000	1.183673469388	1.592877135047	0.250694769963	
0.800000000000	1.183673469388	1.598877135047	0.250676912753	
0.800000000000	1.183673469388	1.604877135047	0.250666137656	
0.800000000000	1.183673469388	1.610877135047	0.250662252982	
0.800000000000	1.183673469388	1.616877135047	0.250665642027	
0.800000000000	1.183673469388	1.622877135047	0.250677308336	
0.800000000000	1.183673469388	1.628877135047	0.250694381575	
0.800000000000	1.183673469388	1.634877135047	0.250716606361	
0.800000000000	1.224489795918	1.607357101364	0.244507000101	
0.800000000000	1.224489795918	1.613357101364	0.244470332987	
0.800000000000	1.224489795918	1.619357101364	0.244447320677	
0.800000000000	1.224489795918	1.625357101364	0.244435995102	
0.800000000000	1.224489795918	1.631357101364	0.244431426233	
0.800000000000	1.224489795918	1.637357101364	0.244433707606	
0.800000000000	1.224489795918	1.643357101364	0.244443399729	
0.800000000000	1.224489795918	1.649357101364	0.244459509437	
0.800000000000	1.224489795918	1.655357101364	0.244483031713	
0.800000000000	1.265306122449	1.632752688093	0.238544851732	
0.800000000000	1.265306122449	1.638752688093	0.238498720691	
0.800000000000	1.265306122449	1.644752688093	0.238465516313	
0.800000000000	1.265306122449	1.650752688093	0.238444474190	
0.800000000000	1.265306122449	1.656752688093	0.238436433601	
0.800000000000	1.265306122449	1.662752688093	0.238440932896	
0.800000000000	1.265306122449	1.668752688093	0.238454425691	
0.800000000000	1.265306122449	1.674752688093	0.238474250741	
0.800000000000	1.265306122449	1.680752688093	0.238501000081	
0.800000000000	1.306122448980	1.666438035839	0.232773136059	
0.800000000000	1.306122448980	1.672438035839	0.232732966336	
0.800000000000	1.306122448980	1.678438035839	0.232706221465	
0.800000000000	1.306122448980	1.684438035839	0.232692536847	
0.800000000000	1.306122448980	1.690438035839	0.232690190606	
0.800000000000	1.306122448980	1.696438035839	0.232699754992	
0.800000000000	1.306122448980	1.702438035839	0.232722384390	
0.800000000000	1.306122448980	1.708438035839	0.232754111587	
0.800000000000	1.306122448980	1.714438035839	0.232792607996	
0.800000000000	1.346938775510	1.698333060008	0.227268073447	
0.800000000000	1.346938775510	1.704333060008	0.227223026459	
0.800000000000	1.346938775510	1.710333060008	0.227196601330	
0.800000000000	1.346938775510	1.716333060008	0.227183945245	
0.800000000000	1.346938775510	1.722333060008	0.227183651263	
0.800000000000	1.346938775510	1.728333060008	0.227194386904	
0.800000000000	1.346938775510	1.734333060008	0.227217037472	
0.800000000000	1.346938775510	1.740333060008	0.227251888271	
0.800000000000	1.346938775510	1.746333060008	0.227298019506	
0.800000000000	1.387755102041	1.731001808617	0.222011466521	
0.800000000000	1.387755102041	1.737001808617	0.221949251582	
0.800000000000	1.387755102041	1.743001808617	0.221915328863	
0.800000000000	1.387755102041	1.749001808617	0.221902107155	
0.800000000000	1.387755102041	1.755001808617	0.221902980220	
0.800000000000	1.387755102041	1.761001808617	0.221916268816	
0.800000000000	1.387755102041	1.767001808617	0.221941222127	
0.800000000000	1.387755102041	1.773001808617	0.221977322507	
0.800000000000	1.387755102041	1.779001808617	0.222024733203	
0.800000000000	1.428571428571	1.764081996178	0.216980893591	
0.800000000000	1.428571428571	1.770081996178	0.216914989978	
0.800000000000	1.428571428571	1.776081996178	0.216863100212	
0.800000000000	1.428571428571	1.782081996178	0.216839771277	
0.800000000000	1.428571428571	1.788081996178	0.216838659395	
0.800000000000	1.428571428571	1.794081996178	0.216852653661	
0.800000000000	1.428571428571	1.800081996178	0.216879362775	
0.800000000000	1.428571428571	1.806081996178	0.216917346897	
0.800000000000	1.428571428571	1.812081996178	0.216966025062	
0.800000000000	1.469387755102	1.793389668558	0.212190388773	
0.800000000000	1.469387755102	1.799389668558	0.212126010129	
0.800000000000	1.469387755102	1.805389668558	0.212069963251	
0.800000000000	1.469387755102	1.811389668558	0.212022411958	
0.800000000000	1.469387755102	1.817389668558	0.211989656931	
0.800000000000	1.469387755102	1.823389668558	0.211984869129	
0.800000000000	1.469387755102	1.829389668558	0.212001331692	
0.800000000000	1.469387755102	1.835389668558	0.212031991412	
0.800000000000	1.469387755102	1.841389668558	0.212074480999	
0.800000000000	1.510204081633	1.839420319648	0.207426608385	
0.800000000000	1.510204081633	1.845420319648	0.207385835663	
0.800000000000	1.510204081633	1.851420319648	0.207353584226	
0.800000000000	1.510204081633	1.857420319648	0.207333722102	
0.800000000000	1.510204081633	1.863420319648	0.207341245013	
0.800000000000	1.510204081633	1.869420319648	0.207369685667	
0.800000000000	1.510204081633	1.875420319648	0.207412647213	
0.800000000000	1.510204081633	1.881420319648	0.207467652195	
0.800000000000	1.510204081633	1.887420319648	0.207533313216	
0.800000000000	1.551020408163	1.872845088260	0.202965937139	
0.800000000000	1.551020408163	1.878845088260	0.202931184897	
0.800000000000	1.551020408163	1.884845088260	0.202903838447	
0.800000000000	1.551020408163	1.890845088260	0.202884354097	
0.800000000000	1.551020408163	1.896845088260	0.202873883920	
0.800000000000	1.551020408163	1.902845088260	0.202889784327	
0.800000000000	1.551020408163	1.908845088260	0.202927836333	
0.800000000000	1.551020408163	1.914845088260	0.202981164036	
0.800000000000	1.551020408163	1.920845088260	0.203046293991	
0.800000000000	1.591836734694	1.907550591054	0.198665359358	
0.800000000000	1.591836734694	1.913550591054	0.198637315174	
0.800000000000	1.591836734694	1.919550591054	0.198616660520	
0.800000000000	1.591836734694	1.925550591054	0.198603229986	
0.800000000000	1.591836734694	1.931550591054	0.198597490887	
0.800000000000	1.591836734694	1.937550591054	0.198600169310	
0.800000000000	1.591836734694	1.943550591054	0.198628433342	
0.800000000000	1.591836734694	1.949550591054	0.198678398712	
0.800000000000	1.591836734694	1.955550591054	0.198743466831	
0.800000000000	1.632653061224	1.934207445321	0.194567011667	
0.800000000000	1.632653061224	1.940207445321	0.194535025771	
0.800000000000	1.632653061224	1.946207445321	0.194510403087	
0.800000000000	1.632653061224	1.952207445321	0.194493342957	
0.800000000000	1.632653061224	1.958207445321	0.194483006803	
0.800000000000	1.632653061224	1.964207445321	0.194479723215	
0.800000000000	1.632653061224	1.970207445321	0.194483787020	
0.800000000000	1.632653061224	1.976207445321	0.194495599018	
0.800000000000	1.632653061224	1.982207445321	0.194525715932	
0.800000000000	1.673469387755	1.970000000000	0.190567114670	
0.800000000000	1.673469387755	1.976000000000	0.190542531152	
0.800000000000	1.673469387755	1.982000000000	0.190524783358	
0.800000000000	1.673469387755	1.988000000000	0.190513858575	
0.800000000000	1.673469387755	1.994000000000	0.190509999467	
0.800000000000	1.673469387755	2.000000000000	0.190512929619	
0.800000000000	1.673469387755	2.006000000000	0.190522617494	
0.800000000000	1.673469387755	2.012000000000	0.190540075205	
0.800000000000	1.673469387755	2.018000000000	0.190564501453	
0.800000000000	1.714285714286	2.000000000000	0.186738557966	
0.800000000000	1.755102040816	2.000000000000	0.183281773673	
0.800000000000	1.795918367347	2.000000000000	0.180123185117	
0.800000000000	1.836734693878	2.000000000000	0.177256915916	
0.800000000000	1.877551020408	2.000000000000	0.176589449074	
0.800000000000	1.918367346939	2.000000000000	0.178678356821	
0.800000000000	1.959183673469	2.000000000000	0.181152002014	
0.800000000000	2.000000000000	2.000000000000	0.184015265794	

