############################################################################################################
# Fit points used to estimate minimums of wetness found for the following parameters:
# Body = RunningMan.in, vmax = 2 vfall
# dx = 0.001 m, nstep = 50
# nfit = 9, dv = 0.006 vfall
# Columns:
# vcross (vfall)	vtail (vfall)	vb (vfall)	Rb (m^2)
############################################################################################################
0.505263157895	0.000000000000	2.000000000000	0.463109874847	
0.505263157895	0.063157894737	2.000000000000	0.449920341379	
0.505263157895	0.126315789474	2.000000000000	0.436767943131	
0.505263157895	0.189473684211	2.000000000000	0.423662833172	
0.505263157895	0.252631578947	1.589027489122	0.410206263611	
0.505263157895	0.252631578947	1.595027489122	0.410204612881	
0.505263157895	0.252631578947	1.601027489122	0.410203440792	
0.505263157895	0.252631578947	1.607027489122	0.410202240232	
0.505263157895	0.252631578947	1.613027489122	0.410201706343	
0.505263157895	0.252631578947	1.619027489122	0.410201788300	
0.505263157895	0.252631578947	1.625027489122	0.410202635941	
0.505263157895	0.252631578947	1.631027489122	0.410204242564	
0.505263157895	0.252631578947	1.637027489122	0.410206853933	
0.505263157895	0.315789473684	1.343416038531	0.392822222232	
0.505263157895	0.315789473684	1.349416038531	0.392813622919	
0.505263157895	0.315789473684	1.355416038531	0.392807096703	
0.505263157895	0.315789473684	1.361416038531	0.392802390584	
0.505263157895	0.315789473684	1.367416038531	0.392800742277	
0.505263157895	0.315789473684	1.373416038531	0.392802476391	
0.505263157895	0.315789473684	1.379416038531	0.392806752080	
0.505263157895	0.315789473684	1.385416038531	0.392812392709	
0.505263157895	0.315789473684	1.391416038531	0.392820686185	
0.505263157895	0.378947368421	1.203243682448	0.374109767011	
0.505263157895	0.378947368421	1.209243682448	0.374097368075	
0.505263157895	0.378947368421	1.215243682448	0.374087762961	
0.505263157895	0.378947368421	1.221243682448	0.374081205239	
0.505263157895	0.378947368421	1.227243682448	0.374081613463	
0.505263157895	0.378947368421	1.233243682448	0.374084769303	
0.505263157895	0.378947368421	1.239243682448	0.374092274397	
0.505263157895	0.378947368421	1.245243682448	0.374104226794	
0.505263157895	0.378947368421	1.251243682448	0.374117810255	
0.505263157895	0.442105263158	1.119168354196	0.354639993996	
0.505263157895	0.442105263158	1.125168354196	0.354625110477	
0.505263157895	0.442105263158	1.131168354196	0.354613869928	
0.505263157895	0.442105263158	1.137168354196	0.354606528513	
0.505263157895	0.442105263158	1.143168354196	0.354603970606	
0.505263157895	0.442105263158	1.149168354196	0.354605826745	
0.505263157895	0.442105263158	1.155168354196	0.354614062555	
0.505263157895	0.442105263158	1.161168354196	0.354627082109	
0.505263157895	0.442105263158	1.167168354196	0.354642719762	
0.505263157895	0.505263157895	1.080427871444	0.335148259279	
0.505263157895	0.505263157895	1.086427871444	0.335122177874	
0.505263157895	0.505263157895	1.092427871444	0.335106801419	
0.505263157895	0.505263157895	1.098427871444	0.335098392409	
0.505263157895	0.505263157895	1.104427871444	0.335096333748	
0.505263157895	0.505263157895	1.110427871444	0.335101151090	
0.505263157895	0.505263157895	1.116427871444	0.335114457128	
0.505263157895	0.505263157895	1.122427871444	0.335136463468	
0.505263157895	0.505263157895	1.128427871444	0.335167091785	
0.505263157895	0.568421052632	1.064074637308	0.316401981340	
0.505263157895	0.568421052632	1.070074637308	0.316363401210	
0.505263157895	0.568421052632	1.076074637308	0.316336223637	
0.505263157895	0.568421052632	1.082074637308	0.316319553711	
0.505263157895	0.568421052632	1.088074637308	0.316312575715	
0.505263157895	0.568421052632	1.094074637308	0.316314063308	
0.505263157895	0.568421052632	1.100074637308	0.316322583083	
0.505263157895	0.568421052632	1.106074637308	0.316341441381	
0.505263157895	0.568421052632	1.112074637308	0.316370356830	
0.505263157895	0.631578947368	1.066612929595	0.298642572057	
0.505263157895	0.631578947368	1.072612929595	0.298595848880	
0.505263157895	0.631578947368	1.078612929595	0.298560871410	
0.505263157895	0.631578947368	1.084612929595	0.298537783393	
0.505263157895	0.631578947368	1.090612929595	0.298525700035	
0.505263157895	0.631578947368	1.096612929595	0.298524936024	
0.505263157895	0.631578947368	1.102612929595	0.298534080202	
0.505263157895	0.631578947368	1.108612929595	0.298553226926	
0.505263157895	0.631578947368	1.114612929595	0.298581714104	
0.505263157895	0.694736842105	1.089663513957	0.281954289287	
0.505263157895	0.694736842105	1.095663513957	0.281919794290	
0.505263157895	0.694736842105	1.101663513957	0.281896387007	
0.505263157895	0.694736842105	1.107663513957	0.281884317833	
0.505263157895	0.694736842105	1.113663513957	0.281884961647	
0.505263157895	0.694736842105	1.119663513957	0.281898430764	
0.505263157895	0.694736842105	1.125663513957	0.281923694827	
0.505263157895	0.694736842105	1.131663513957	0.281960267304	
0.505263157895	0.694736842105	1.137663513957	0.282007911045	
0.505263157895	0.757894736842	1.105997253206	0.266467587971	
0.505263157895	0.757894736842	1.111997253206	0.266438775801	
0.505263157895	0.757894736842	1.117997253206	0.266419820029	
0.505263157895	0.757894736842	1.123997253206	0.266411298133	
0.505263157895	0.757894736842	1.129997253206	0.266412044379	
0.505263157895	0.757894736842	1.135997253206	0.266423406020	
0.505263157895	0.757894736842	1.141997253206	0.266445139207	
0.505263157895	0.757894736842	1.147997253206	0.266476086327	
0.505263157895	0.757894736842	1.153997253206	0.266515873327	
0.505263157895	0.821052631579	1.123127471369	0.252084589875	
0.505263157895	0.821052631579	1.129127471369	0.252036326533	
0.505263157895	0.821052631579	1.135127471369	0.252003168137	
0.505263157895	0.821052631579	1.141127471369	0.251984198538	
0.505263157895	0.821052631579	1.147127471369	0.251980558596	
0.505263157895	0.821052631579	1.153127471369	0.251992427290	
0.505263157895	0.821052631579	1.159127471369	0.252015286264	
0.505263157895	0.821052631579	1.165127471369	0.252047101619	
0.505263157895	0.821052631579	1.171127471369	0.252087445823	
0.505263157895	0.884210526316	1.159072401551	0.238750726236	
0.505263157895	0.884210526316	1.165072401551	0.238696760767	
0.505263157895	0.884210526316	1.171072401551	0.238668836973	
0.505263157895	0.884210526316	1.177072401551	0.238655318160	
0.505263157895	0.884210526316	1.183072401551	0.238656591767	
0.505263157895	0.884210526316	1.189072401551	0.238670781578	
0.505263157895	0.884210526316	1.195072401551	0.238700142846	
0.505263157895	0.884210526316	1.201072401551	0.238740903092	
0.505263157895	0.884210526316	1.207072401551	0.238795425119	
0.505263157895	0.947368421053	1.200141982449	0.226540651215	
0.505263157895	0.947368421053	1.206141982449	0.226489545287	
0.505263157895	0.947368421053	1.212141982449	0.226449456024	
0.505263157895	0.947368421053	1.218141982449	0.226422442345	
0.505263157895	0.947368421053	1.224141982449	0.226413706888	
0.505263157895	0.947368421053	1.230141982449	0.226431849756	
0.505263157895	0.947368421053	1.236141982449	0.226469289853	
0.505263157895	0.947368421053	1.242141982449	0.226519811812	
0.505263157895	0.947368421053	1.248141982449	0.226583227346	
0.505263157895	1.010526315789	1.240321241159	0.215312117942	
0.505263157895	1.010526315789	1.246321241159	0.215265097705	
0.505263157895	1.010526315789	1.252321241159	0.215234179867	
0.505263157895	1.010526315789	1.258321241159	0.215218920196	
0.505263157895	1.010526315789	1.264321241159	0.215215594365	
0.505263157895	1.010526315789	1.270321241159	0.215222052155	
0.505263157895	1.010526315789	1.276321241159	0.215238567131	
0.505263157895	1.010526315789	1.282321241159	0.215267951164	
0.505263157895	1.010526315789	1.288321241159	0.215315497429	
0.505263157895	1.073684210526	1.277853140058	0.205065603999	
0.505263157895	1.073684210526	1.283853140058	0.204988060485	
0.505263157895	1.073684210526	1.289853140058	0.204932515134	
0.505263157895	1.073684210526	1.295853140058	0.204897981848	
0.505263157895	1.073684210526	1.301853140058	0.204881316835	
0.505263157895	1.073684210526	1.307853140058	0.204880268088	
0.505263157895	1.073684210526	1.313853140058	0.204894271326	
0.505263157895	1.073684210526	1.319853140058	0.204922874407	
0.505263157895	1.073684210526	1.325853140058	0.204963071177	
0.505263157895	1.136842105263	1.334245381801	0.195469805485	
0.505263157895	1.136842105263	1.340245381801	0.195413275756	
0.505263157895	1.136842105263	1.346245381801	0.195379475802	
0.505263157895	1.136842105263	1.352245381801	0.195366173463	
0.505263157895	1.136842105263	1.358245381801	0.195373434025	
0.505263157895	1.136842105263	1.364245381801	0.195397985369	
0.505263157895	1.136842105263	1.370245381801	0.195436482685	
0.505263157895	1.136842105263	1.376245381801	0.195488781343	
0.505263157895	1.136842105263	1.382245381801	0.195555173504	
0.505263157895	1.200000000000	1.377925201559	0.186847819531	
0.505263157895	1.200000000000	1.383925201559	0.186754171063	
0.505263157895	1.200000000000	1.389925201559	0.186686216943	
0.505263157895	1.200000000000	1.395925201559	0.186642367981	
0.505263157895	1.200000000000	1.401925201559	0.186620924637	
0.505263157895	1.200000000000	1.407925201559	0.186620765372	
0.505263157895	1.200000000000	1.413925201559	0.186640897013	
0.505263157895	1.200000000000	1.419925201559	0.186679700817	
0.505263157895	1.200000000000	1.425925201559	0.186735764924	
0.568421052632	0.000000000000	2.000000000000	0.466413983262	
0.568421052632	0.063157894737	2.000000000000	0.453341775030	
0.568421052632	0.126315789474	2.000000000000	0.440280790319	
0.568421052632	0.189473684211	2.000000000000	0.427223588481	
0.568421052632	0.252631578947	2.000000000000	0.414172560131	
0.568421052632	0.315789473684	1.532672519409	0.399161051296	
0.568421052632	0.315789473684	1.538672519409	0.399157306815	
0.568421052632	0.315789473684	1.544672519409	0.399155203922	
0.568421052632	0.315789473684	1.550672519409	0.399153755319	
0.568421052632	0.315789473684	1.556672519409	0.399154784494	
0.568421052632	0.315789473684	1.562672519409	0.399156927293	
0.568421052632	0.315789473684	1.568672519409	0.399161607771	
0.568421052632	0.315789473684	1.574672519409	0.399165443436	
0.568421052632	0.315789473684	1.580672519409	0.399171210173	
0.568421052632	0.378947368421	1.380603321800	0.382415460464	
0.568421052632	0.378947368421	1.386603321800	0.382404209615	
0.568421052632	0.378947368421	1.392603321800	0.382396094618	
0.568421052632	0.378947368421	1.398603321800	0.382391245732	
0.568421052632	0.378947368421	1.404603321800	0.382389108227	
0.568421052632	0.378947368421	1.410603321800	0.382390136475	
0.568421052632	0.378947368421	1.416603321800	0.382394508315	
0.568421052632	0.378947368421	1.422603321800	0.382400631425	
0.568421052632	0.378947368421	1.428603321800	0.382409165007	
0.568421052632	0.442105263158	1.298812620082	0.365065879745	
0.568421052632	0.442105263158	1.304812620082	0.365052366098	
0.568421052632	0.442105263158	1.310812620082	0.365042163681	
0.568421052632	0.442105263158	1.316812620082	0.365036700344	
0.568421052632	0.442105263158	1.322812620082	0.365035883114	
0.568421052632	0.442105263158	1.328812620082	0.365038768894	
0.568421052632	0.442105263158	1.334812620082	0.365046567309	
0.568421052632	0.442105263158	1.340812620082	0.365056521432	
0.568421052632	0.442105263158	1.346812620082	0.365069246604	
0.568421052632	0.505263157895	1.223476393920	0.347575546866	
0.568421052632	0.505263157895	1.229476393920	0.347565092349	
0.568421052632	0.505263157895	1.235476393920	0.347558645421	
0.568421052632	0.505263157895	1.241476393920	0.347556172207	
0.568421052632	0.505263157895	1.247476393920	0.347556291447	
0.568421052632	0.505263157895	1.253476393920	0.347558151734	
0.568421052632	0.505263157895	1.259476393920	0.347563405559	
0.568421052632	0.505263157895	1.265476393920	0.347572024638	
0.568421052632	0.505263157895	1.271476393920	0.347584042864	
0.568421052632	0.568421052632	1.169308754125	0.329990747071	
0.568421052632	0.568421052632	1.175308754125	0.329961931808	
0.568421052632	0.568421052632	1.181308754125	0.329940668603	
0.568421052632	0.568421052632	1.187308754125	0.329926101730	
0.568421052632	0.568421052632	1.193308754125	0.329918468744	
0.568421052632	0.568421052632	1.199308754125	0.329919822907	
0.568421052632	0.568421052632	1.205308754125	0.329925588539	
0.568421052632	0.568421052632	1.211308754125	0.329937008922	
0.568421052632	0.568421052632	1.217308754125	0.329955787774	
0.568421052632	0.631578947368	1.164482411612	0.313011463106	
0.568421052632	0.631578947368	1.170482411612	0.312962788044	
0.568421052632	0.631578947368	1.176482411612	0.312926484695	
0.568421052632	0.631578947368	1.182482411612	0.312901736842	
0.568421052632	0.631578947368	1.188482411612	0.312892391957	
0.568421052632	0.631578947368	1.194482411612	0.312893247387	
0.568421052632	0.631578947368	1.200482411612	0.312902657679	
0.568421052632	0.631578947368	1.206482411612	0.312920619461	
0.568421052632	0.631578947368	1.212482411612	0.312945882322	
0.568421052632	0.694736842105	1.185105022665	0.296942183194	
0.568421052632	0.694736842105	1.191105022665	0.296910434141	
0.568421052632	0.694736842105	1.197105022665	0.296887026382	
0.568421052632	0.694736842105	1.203105022665	0.296872431131	
0.568421052632	0.694736842105	1.209105022665	0.296866757242	
0.568421052632	0.694736842105	1.215105022665	0.296870898281	
0.568421052632	0.694736842105	1.221105022665	0.296883072734	
0.568421052632	0.694736842105	1.227105022665	0.296906051135	
0.568421052632	0.694736842105	1.233105022665	0.296937007071	
0.568421052632	0.757894736842	1.197464740939	0.281869250434	
0.568421052632	0.757894736842	1.203464740939	0.281847411867	
0.568421052632	0.757894736842	1.209464740939	0.281833432988	
0.568421052632	0.757894736842	1.215464740939	0.281826564874	
0.568421052632	0.757894736842	1.221464740939	0.281826960489	
0.568421052632	0.757894736842	1.227464740939	0.281834549899	
0.568421052632	0.757894736842	1.233464740939	0.281849036220	
0.568421052632	0.757894736842	1.239464740939	0.281871336163	
0.568421052632	0.757894736842	1.245464740939	0.281901373139	
0.568421052632	0.821052631579	1.195880220353	0.267684239696	
0.568421052632	0.821052631579	1.201880220353	0.267655732121	
0.568421052632	0.821052631579	1.207880220353	0.267634479251	
0.568421052632	0.821052631579	1.213880220353	0.267619367341	
0.568421052632	0.821052631579	1.219880220353	0.267611734360	
0.568421052632	0.821052631579	1.225880220353	0.267611053373	
0.568421052632	0.821052631579	1.231880220353	0.267617994676	
0.568421052632	0.821052631579	1.237880220353	0.267632453291	
0.568421052632	0.821052631579	1.243880220353	0.267653124251	
0.568421052632	0.884210526316	1.210651592000	0.254273590152	
0.568421052632	0.884210526316	1.216651592000	0.254233228459	
0.568421052632	0.884210526316	1.222651592000	0.254204470011	
0.568421052632	0.884210526316	1.228651592000	0.254187230758	
0.568421052632	0.884210526316	1.234651592000	0.254183308310	
0.568421052632	0.884210526316	1.240651592000	0.254189692771	
0.568421052632	0.884210526316	1.246651592000	0.254203574268	
0.568421052632	0.884210526316	1.252651592000	0.254224648992	
0.568421052632	0.884210526316	1.258651592000	0.254253802994	
0.568421052632	0.947368421053	1.240939710456	0.241796408724	
0.568421052632	0.947368421053	1.246939710456	0.241733030708	
0.568421052632	0.947368421053	1.252939710456	0.241696523415	
0.568421052632	0.947368421053	1.258939710456	0.241672233094	
0.568421052632	0.947368421053	1.264939710456	0.241659961640	
0.568421052632	0.947368421053	1.270939710456	0.241660914969	
0.568421052632	0.947368421053	1.276939710456	0.241675490684	
0.568421052632	0.947368421053	1.282939710456	0.241701786504	
0.568421052632	0.947368421053	1.288939710456	0.241738450692	
0.568421052632	1.010526315789	1.284995229986	0.230237447933	
0.568421052632	1.010526315789	1.290995229986	0.230176987720	
0.568421052632	1.010526315789	1.296995229986	0.230127517018	
0.568421052632	1.010526315789	1.302995229986	0.230091076234	
0.568421052632	1.010526315789	1.308995229986	0.230077341040	
0.568421052632	1.010526315789	1.314995229986	0.230093304333	
0.568421052632	1.010526315789	1.320995229986	0.230120594054	
0.568421052632	1.010526315789	1.326995229986	0.230159151139	
0.568421052632	1.010526315789	1.332995229986	0.230210278836	
0.568421052632	1.073684210526	1.330041829002	0.219543410762	
0.568421052632	1.073684210526	1.336041829002	0.219502728462	
0.568421052632	1.073684210526	1.342041829002	0.219472068102	
0.568421052632	1.073684210526	1.348041829002	0.219451698138	
0.568421052632	1.073684210526	1.354041829002	0.219441646207	
0.568421052632	1.073684210526	1.360041829002	0.219441558545	
0.568421052632	1.073684210526	1.366041829002	0.219453397895	
0.568421052632	1.073684210526	1.372041829002	0.219486312800	
0.568421052632	1.073684210526	1.378041829002	0.219547310436	
0.568421052632	1.136842105263	1.373357407376	0.209653071936	
0.568421052632	1.136842105263	1.379357407376	0.209618830542	
0.568421052632	1.136842105263	1.385357407376	0.209598182515	
0.568421052632	1.136842105263	1.391357407376	0.209590750654	
0.568421052632	1.136842105263	1.397357407376	0.209592478710	
0.568421052632	1.136842105263	1.403357407376	0.209602501121	
0.568421052632	1.136842105263	1.409357407376	0.209621814256	
0.568421052632	1.136842105263	1.415357407376	0.209650997962	
0.568421052632	1.136842105263	1.421357407376	0.209689696913	
0.568421052632	1.200000000000	1.412740533144	0.200543115965	
0.568421052632	1.200000000000	1.418740533144	0.200495776126	
0.568421052632	1.200000000000	1.424740533144	0.200462543120	
0.568421052632	1.200000000000	1.430740533144	0.200442415820	
0.568421052632	1.200000000000	1.436740533144	0.200435546826	
0.568421052632	1.200000000000	1.442740533144	0.200441444700	
0.568421052632	1.200000000000	1.448740533144	0.200460108836	
0.568421052632	1.200000000000	1.454740533144	0.200491203026	
0.568421052632	1.200000000000	1.460740533144	0.200530665958	
0.631578947368	0.000000000000	2.000000000000	0.470138086170	
0.631578947368	0.063157894737	2.000000000000	0.457071440117	
0.631578947368	0.126315789474	2.000000000000	0.444001007945	
0.631578947368	0.189473684211	2.000000000000	0.430934642962	
0.631578947368	0.252631578947	2.000000000000	0.417885682919	
0.631578947368	0.315789473684	1.802842536624	0.404615956963	
0.631578947368	0.315789473684	1.808842536624	0.404614660208	
0.631578947368	0.315789473684	1.814842536624	0.404613874979	
0.631578947368	0.315789473684	1.820842536624	0.404613756346	
0.631578947368	0.315789473684	1.826842536624	0.404613334700	
0.631578947368	0.315789473684	1.832842536624	0.404614632109	
0.631578947368	0.315789473684	1.838842536624	0.404615670838	
0.631578947368	0.315789473684	1.844842536624	0.404618213177	
0.631578947368	0.315789473684	1.850842536624	0.404621414746	
0.631578947368	0.378947368421	1.586156948236	0.389759946672	
0.631578947368	0.378947368421	1.592156948236	0.389755314207	
0.631578947368	0.378947368421	1.598156948236	0.389752033898	
0.631578947368	0.378947368421	1.604156948236	0.389751026242	
0.631578947368	0.378947368421	1.610156948236	0.389751611133	
0.631578947368	0.378947368421	1.616156948236	0.389753973110	
0.631578947368	0.378947368421	1.622156948236	0.389757514207	
0.631578947368	0.378947368421	1.628156948236	0.389763255999	
0.631578947368	0.378947368421	1.634156948236	0.389770921602	
0.631578947368	0.442105263158	1.489723001559	0.374262384714	
0.631578947368	0.442105263158	1.495723001559	0.374254288699	
0.631578947368	0.442105263158	1.501723001559	0.374249145835	
0.631578947368	0.442105263158	1.507723001559	0.374246497975	
0.631578947368	0.442105263158	1.513723001559	0.374246976783	
0.631578947368	0.442105263158	1.519723001559	0.374248438474	
0.631578947368	0.442105263158	1.525723001559	0.374252142445	
0.631578947368	0.442105263158	1.531723001559	0.374258531267	
0.631578947368	0.442105263158	1.537723001559	0.374266713103	
0.631578947368	0.505263157895	1.389676804927	0.358524537603	
0.631578947368	0.505263157895	1.395676804927	0.358513844678	
0.631578947368	0.505263157895	1.401676804927	0.358504910508	
0.631578947368	0.505263157895	1.407676804927	0.358498547138	
0.631578947368	0.505263157895	1.413676804927	0.358494904804	
0.631578947368	0.505263157895	1.419676804927	0.358493703518	
0.631578947368	0.505263157895	1.425676804927	0.358496214219	
0.631578947368	0.505263157895	1.431676804927	0.358501177673	
0.631578947368	0.505263157895	1.437676804927	0.358506979465	
0.631578947368	0.568421052632	1.294517845706	0.342310150903	
0.631578947368	0.568421052632	1.300517845706	0.342298060015	
0.631578947368	0.568421052632	1.306517845706	0.342290044988	
0.631578947368	0.568421052632	1.312517845706	0.342287650242	
0.631578947368	0.568421052632	1.318517845706	0.342286655942	
0.631578947368	0.568421052632	1.324517845706	0.342290456822	
0.631578947368	0.568421052632	1.330517845706	0.342298341890	
0.631578947368	0.568421052632	1.336517845706	0.342307458116	
0.631578947368	0.568421052632	1.342517845706	0.342319732115	
0.631578947368	0.631578947368	1.272311188463	0.326191838244	
0.631578947368	0.631578947368	1.278311188463	0.326146935453	
0.631578947368	0.631578947368	1.284311188463	0.326111795879	
0.631578947368	0.631578947368	1.290311188463	0.326085483127	
0.631578947368	0.631578947368	1.296311188463	0.326071410401	
0.631578947368	0.631578947368	1.302311188463	0.326070584635	
0.631578947368	0.631578947368	1.308311188463	0.326079580580	
0.631578947368	0.631578947368	1.314311188463	0.326097141341	
0.631578947368	0.631578947368	1.320311188463	0.326121140714	
0.631578947368	0.694736842105	1.292062844185	0.310788517658	
0.631578947368	0.694736842105	1.298062844185	0.310764044334	
0.631578947368	0.694736842105	1.304062844185	0.310745833840	
0.631578947368	0.694736842105	1.310062844185	0.310735228084	
0.631578947368	0.694736842105	1.316062844185	0.310731094834	
0.631578947368	0.694736842105	1.322062844185	0.310734217785	
0.631578947368	0.694736842105	1.328062844185	0.310743556674	
0.631578947368	0.694736842105	1.334062844185	0.310760070678	
0.631578947368	0.694736842105	1.340062844185	0.310785763537	
0.631578947368	0.757894736842	1.289815564215	0.296250531562	
0.631578947368	0.757894736842	1.295815564215	0.296225673949	
0.631578947368	0.757894736842	1.301815564215	0.296207629075	
0.631578947368	0.757894736842	1.307815564215	0.296195390019	
0.631578947368	0.757894736842	1.313815564215	0.296189059360	
0.631578947368	0.757894736842	1.319815564215	0.296189670925	
0.631578947368	0.757894736842	1.325815564215	0.296194676174	
0.631578947368	0.757894736842	1.331815564215	0.296205760271	
0.631578947368	0.757894736842	1.337815564215	0.296222847020	
0.631578947368	0.821052631579	1.285530622928	0.282352871360	
0.631578947368	0.821052631579	1.291530622928	0.282331626422	
0.631578947368	0.821052631579	1.297530622928	0.282315095341	
0.631578947368	0.821052631579	1.303530622928	0.282304735713	
0.631578947368	0.821052631579	1.309530622928	0.282300391843	
0.631578947368	0.821052631579	1.315530622928	0.282300824110	
0.631578947368	0.821052631579	1.321530622928	0.282307345636	
0.631578947368	0.821052631579	1.327530622928	0.282319115281	
0.631578947368	0.821052631579	1.333530622928	0.282335113188	
0.631578947368	0.884210526316	1.285137019249	0.269046277634	
0.631578947368	0.884210526316	1.291137019249	0.269028713286	
0.631578947368	0.884210526316	1.297137019249	0.269016667733	
0.631578947368	0.884210526316	1.303137019249	0.269010116986	
0.631578947368	0.884210526316	1.309137019249	0.269009026539	
0.631578947368	0.884210526316	1.315137019249	0.269013686289	
0.631578947368	0.884210526316	1.321137019249	0.269023107194	
0.631578947368	0.884210526316	1.327137019249	0.269036967193	
0.631578947368	0.884210526316	1.333137019249	0.269056428512	
0.631578947368	0.947368421053	1.288223941928	0.256422148463	
0.631578947368	0.947368421053	1.294223941928	0.256378975566	
0.631578947368	0.947368421053	1.300223941928	0.256349234627	
0.631578947368	0.947368421053	1.306223941928	0.256329316706	
0.631578947368	0.947368421053	1.312223941928	0.256320857964	
0.631578947368	0.947368421053	1.318223941928	0.256323475150	
0.631578947368	0.947368421053	1.324223941928	0.256336746702	
0.631578947368	0.947368421053	1.330223941928	0.256355179353	
0.631578947368	0.947368421053	1.336223941928	0.256379223331	
0.631578947368	1.010526315789	1.321904042358	0.244561617282	
0.631578947368	1.010526315789	1.327904042358	0.244503553343	
0.631578947368	1.010526315789	1.333904042358	0.244468644945	
0.631578947368	1.010526315789	1.339904042358	0.244446871482	
0.631578947368	1.010526315789	1.345904042358	0.244437521939	
0.631578947368	1.010526315789	1.351904042358	0.244437249496	
0.631578947368	1.010526315789	1.357904042358	0.244452499514	
0.631578947368	1.010526315789	1.363904042358	0.244475660573	
0.631578947368	1.010526315789	1.369904042358	0.244510783330	
0.631578947368	1.073684210526	1.369470242875	0.233525632125	
0.631578947368	1.073684210526	1.375470242875	0.233468081687	
0.631578947368	1.073684210526	1.381470242875	0.233424793361	
0.631578947368	1.073684210526	1.387470242875	0.233402943571	
0.631578947368	1.073684210526	1.393470242875	0.233407397029	
0.631578947368	1.073684210526	1.399470242875	0.233426830749	
0.631578947368	1.073684210526	1.405470242875	0.233456240305	
0.631578947368	1.073684210526	1.411470242875	0.233498524598	
0.631578947368	1.073684210526	1.417470242875	0.233550708554	
0.631578947368	1.136842105263	1.414540121939	0.223333463372	
0.631578947368	1.136842105263	1.420540121939	0.223287946591	
0.631578947368	1.136842105263	1.426540121939	0.223253730740	
0.631578947368	1.136842105263	1.432540121939	0.223230821419	
0.631578947368	1.136842105263	1.438540121939	0.223218515222	
0.631578947368	1.136842105263	1.444540121939	0.223219477941	
0.631578947368	1.136842105263	1.450540121939	0.223240669439	
0.631578947368	1.136842105263	1.456540121939	0.223286316518	
0.631578947368	1.136842105263	1.462540121939	0.223345918568	
0.631578947368	1.200000000000	1.456392245039	0.213914865437	
0.631578947368	1.200000000000	1.462392245039	0.213860471428	
0.631578947368	1.200000000000	1.468392245039	0.213820025688	
0.631578947368	1.200000000000	1.474392245039	0.213795054435	
0.631578947368	1.200000000000	1.480392245039	0.213784446772	
0.631578947368	1.200000000000	1.486392245039	0.213784822845	
0.631578947368	1.200000000000	1.492392245039	0.213794645790	
0.631578947368	1.200000000000	1.498392245039	0.213814960736	
0.631578947368	1.200000000000	1.504392245039	0.213846738004	
0.694736842105	0.000000000000	2.000000000000	0.473982807797	
0.694736842105	0.063157894737	2.000000000000	0.460900047436	
0.694736842105	0.126315789474	2.000000000000	0.447851899397	
0.694736842105	0.189473684211	2.000000000000	0.434860749976	
0.694736842105	0.252631578947	2.000000000000	0.421947238908	
0.694736842105	0.315789473684	2.000000000000	0.409118957912	
0.694736842105	0.378947368421	1.805551679969	0.396030138673	
0.694736842105	0.378947368421	1.811551679969	0.396026067369	
0.694736842105	0.378947368421	1.817551679969	0.396022784765	
0.694736842105	0.378947368421	1.823551679969	0.396021081838	
0.694736842105	0.378947368421	1.829551679969	0.396021220920	
0.694736842105	0.378947368421	1.835551679969	0.396021308116	
0.694736842105	0.378947368421	1.841551679969	0.396022624435	
0.694736842105	0.378947368421	1.847551679969	0.396025904738	
0.694736842105	0.378947368421	1.853551679969	0.396028731124	
0.694736842105	0.442105263158	1.679954725990	0.382099609795	
0.694736842105	0.442105263158	1.685954725990	0.382093837631	
0.694736842105	0.442105263158	1.691954725990	0.382089757512	
0.694736842105	0.442105263158	1.697954725990	0.382087576624	
0.694736842105	0.442105263158	1.703954725990	0.382086845118	
0.694736842105	0.442105263158	1.709954725990	0.382088525915	
0.694736842105	0.442105263158	1.715954725990	0.382092398060	
0.694736842105	0.442105263158	1.721954725990	0.382096771879	
0.694736842105	0.442105263158	1.727954725990	0.382103211086	
0.694736842105	0.505263157895	1.581081785713	0.367766200700	
0.694736842105	0.505263157895	1.587081785713	0.367759238691	
0.694736842105	0.505263157895	1.593081785713	0.367755227683	
0.694736842105	0.505263157895	1.599081785713	0.367751896752	
0.694736842105	0.505263157895	1.605081785713	0.367750973728	
0.694736842105	0.505263157895	1.611081785713	0.367751863650	
0.694736842105	0.505263157895	1.617081785713	0.367754910246	
0.694736842105	0.505263157895	1.623081785713	0.367759856256	
0.694736842105	0.505263157895	1.629081785713	0.367766300643	
0.694736842105	0.568421052632	1.462106470940	0.353109142040	
0.694736842105	0.568421052632	1.468106470940	0.353100353247	
0.694736842105	0.568421052632	1.474106470940	0.353093257048	
0.694736842105	0.568421052632	1.480106470940	0.353090006037	
0.694736842105	0.568421052632	1.486106470940	0.353086879316	
0.694736842105	0.568421052632	1.492106470940	0.353085995179	
0.694736842105	0.568421052632	1.498106470940	0.353088059919	
0.694736842105	0.568421052632	1.504106470940	0.353090338368	
0.694736842105	0.568421052632	1.510106470940	0.353095582293	
0.694736842105	0.631578947368	1.385933752823	0.337950909838	
0.694736842105	0.631578947368	1.391933752823	0.337927385662	
0.694736842105	0.631578947368	1.397933752823	0.337910441095	
0.694736842105	0.631578947368	1.403933752823	0.337901251658	
0.694736842105	0.631578947368	1.409933752823	0.337900232594	
0.694736842105	0.631578947368	1.415933752823	0.337902242021	
0.694736842105	0.631578947368	1.421933752823	0.337911015299	
0.694736842105	0.631578947368	1.427933752823	0.337926029060	
0.694736842105	0.631578947368	1.433933752823	0.337942903313	
0.694736842105	0.694736842105	1.399710648630	0.323229908380	
0.694736842105	0.694736842105	1.405710648630	0.323205396618	
0.694736842105	0.694736842105	1.411710648630	0.323186444048	
0.694736842105	0.694736842105	1.417710648630	0.323174167610	
0.694736842105	0.694736842105	1.423710648630	0.323166456815	
0.694736842105	0.694736842105	1.429710648630	0.323166518930	
0.694736842105	0.694736842105	1.435710648630	0.323174014241	
0.694736842105	0.694736842105	1.441710648630	0.323189222041	
0.694736842105	0.694736842105	1.447710648630	0.323214327776	
0.694736842105	0.757894736842	1.397603905841	0.309229380455	
0.694736842105	0.757894736842	1.403603905841	0.309209545249	
0.694736842105	0.757894736842	1.409603905841	0.309195463073	
0.694736842105	0.757894736842	1.415603905841	0.309185682604	
0.694736842105	0.757894736842	1.421603905841	0.309181442828	
0.694736842105	0.757894736842	1.427603905841	0.309181165038	
0.694736842105	0.757894736842	1.433603905841	0.309184941994	
0.694736842105	0.757894736842	1.439603905841	0.309194217542	
0.694736842105	0.757894736842	1.445603905841	0.309207982322	
0.694736842105	0.821052631579	1.390136877296	0.295747414142	
0.694736842105	0.821052631579	1.396136877296	0.295735130062	
0.694736842105	0.821052631579	1.402136877296	0.295727022256	
0.694736842105	0.821052631579	1.408136877296	0.295723086083	
0.694736842105	0.821052631579	1.414136877296	0.295722697982	
0.694736842105	0.821052631579	1.420136877296	0.295726174604	
0.694736842105	0.821052631579	1.426136877296	0.295733931828	
0.694736842105	0.821052631579	1.432136877296	0.295745772268	
0.694736842105	0.821052631579	1.438136877296	0.295761883989	
0.694736842105	0.884210526316	1.370430921439	0.282745773345	
0.694736842105	0.884210526316	1.376430921439	0.282728513209	
0.694736842105	0.884210526316	1.382430921439	0.282716758042	
0.694736842105	0.884210526316	1.388430921439	0.282709300658	
0.694736842105	0.884210526316	1.394430921439	0.282705670389	
0.694736842105	0.884210526316	1.400430921439	0.282706416191	
0.694736842105	0.884210526316	1.406430921439	0.282712249905	
0.694736842105	0.884210526316	1.412430921439	0.282721481193	
0.694736842105	0.884210526316	1.418430921439	0.282734923324	
0.694736842105	0.947368421053	1.367493494332	0.270214367088	
0.694736842105	0.947368421053	1.373493494332	0.270193826002	
0.694736842105	0.947368421053	1.379493494332	0.270179504557	
0.694736842105	0.947368421053	1.385493494332	0.270171084772	
0.694736842105	0.947368421053	1.391493494332	0.270168208915	
0.694736842105	0.947368421053	1.397493494332	0.270170878169	
0.694736842105	0.947368421053	1.403493494332	0.270178012777	
0.694736842105	0.947368421053	1.409493494332	0.270190397295	
0.694736842105	0.947368421053	1.415493494332	0.270207901541	
0.694736842105	1.010526315789	1.379070212043	0.258283451432	
0.694736842105	1.010526315789	1.385070212043	0.258250918297	
0.694736842105	1.010526315789	1.391070212043	0.258230624502	
0.694736842105	1.010526315789	1.397070212043	0.258218539176	
0.694736842105	1.010526315789	1.403070212043	0.258213510624	
0.694736842105	1.010526315789	1.409070212043	0.258217563570	
0.694736842105	1.010526315789	1.415070212043	0.258229263835	
0.694736842105	1.010526315789	1.421070212043	0.258246939606	
0.694736842105	1.010526315789	1.427070212043	0.258269455055	
0.694736842105	1.073684210526	1.414500934120	0.247047673557	
0.694736842105	1.073684210526	1.420500934120	0.247011738999	
0.694736842105	1.073684210526	1.426500934120	0.246986019195	
0.694736842105	1.073684210526	1.432500934120	0.246971673987	
0.694736842105	1.073684210526	1.438500934120	0.246968753334	
0.694736842105	1.073684210526	1.444500934120	0.246977940704	
0.694736842105	1.073684210526	1.450500934120	0.246997562143	
0.694736842105	1.073684210526	1.456500934120	0.247027879978	
0.694736842105	1.073684210526	1.462500934120	0.247064148161	
0.694736842105	1.136842105263	1.453611512734	0.236604727538	
0.694736842105	1.136842105263	1.459611512734	0.236545207270	
0.694736842105	1.136842105263	1.465611512734	0.236506209030	
0.694736842105	1.136842105263	1.471611512734	0.236490401916	
0.694736842105	1.136842105263	1.477611512734	0.236488393600	
0.694736842105	1.136842105263	1.483611512734	0.236496601836	
0.694736842105	1.136842105263	1.489611512734	0.236514235982	
0.694736842105	1.136842105263	1.495611512734	0.236542407806	
0.694736842105	1.136842105263	1.501611512734	0.236581149369	
0.694736842105	1.200000000000	1.500696885112	0.226881952589	
0.694736842105	1.200000000000	1.506696885112	0.226820160550	
0.694736842105	1.200000000000	1.512696885112	0.226774785587	
0.694736842105	1.200000000000	1.518696885112	0.226745212869	
0.694736842105	1.200000000000	1.524696885112	0.226732287181	
0.694736842105	1.200000000000	1.530696885112	0.226740747295	
0.694736842105	1.200000000000	1.536696885112	0.226769464708	
0.694736842105	1.200000000000	1.542696885112	0.226808239999	
0.694736842105	1.200000000000	1.548696885112	0.226856900817	
