############################################################################################################
# Fit points used to estimate minimums of wetness found for the following parameters:
# Body = RunningMan.in, vmax = 2 vfall
# dx = 0.001 m, nstep = 50
# nfit = 9, dv = 0.006 vfall
# Columns:
# vcross (vfall)	vtail (vfall)	vb (vfall)	Rb (m^2)
############################################################################################################
1.263157894740	0.000000000000	2.000000000000	0.523116439788	
1.263157894740	0.105263157895	2.000000000000	0.503347231717	
1.263157894740	0.210526315789	2.000000000000	0.483769646604	
1.263157894740	0.315789473684	2.000000000000	0.464449326110	
1.263157894740	0.421052631579	2.000000000000	0.445407073493	
1.263157894740	0.526315789474	2.000000000000	0.426658305179	
1.263157894740	0.631578947368	2.000000000000	0.408283481715	
1.263157894740	0.736842105263	2.000000000000	0.390863016356	
1.263157894740	0.842105263158	2.000000000000	0.374264012051	
1.263157894740	0.947368421053	2.000000000000	0.358254346178	
1.263157894740	1.052631578947	2.000000000000	0.342672680979	
1.263157894740	1.157894736842	2.000000000000	0.327481707392	
1.263157894740	1.263157894737	2.000000000000	0.312771804287	
1.263157894740	1.368421052632	2.000000000000	0.298742450142	
1.263157894740	1.473684210526	2.000000000000	0.285775400941	
1.263157894740	1.578947368421	2.000000000000	0.274240269198	
1.263157894740	1.684210526316	2.000000000000	0.264344708988	
1.263157894740	1.789473684211	2.000000000000	0.255992017256	
1.263157894740	1.894736842105	2.000000000000	0.252725763607	
1.263157894740	2.000000000000	2.000000000000	0.258028200805	
1.368421052633	0.000000000000	2.000000000000	0.534336830558	
1.368421052633	0.105263157895	2.000000000000	0.514799788757	
1.368421052633	0.210526315789	2.000000000000	0.495509635709	
1.368421052633	0.315789473684	2.000000000000	0.476477905993	
1.368421052633	0.421052631579	2.000000000000	0.457730198214	
1.368421052633	0.526315789474	2.000000000000	0.439323234033	
1.368421052633	0.631578947368	2.000000000000	0.421771451958	
1.368421052633	0.736842105263	2.000000000000	0.405052749158	
1.368421052633	0.842105263158	2.000000000000	0.388991273328	
1.368421052633	0.947368421053	2.000000000000	0.373287068601	
1.368421052633	1.052631578947	2.000000000000	0.357911416445	
1.368421052633	1.157894736842	2.000000000000	0.342932981060	
1.368421052633	1.263157894737	2.000000000000	0.328468304600	
1.368421052633	1.368421052632	2.000000000000	0.314740089147	
1.368421052633	1.473684210526	2.000000000000	0.302212451743	
1.368421052633	1.578947368421	2.000000000000	0.291020527460	
1.368421052633	1.684210526316	2.000000000000	0.281356774260	
1.368421052633	1.789473684211	2.000000000000	0.273178576506	
1.368421052633	1.894736842105	2.000000000000	0.270025353186	
1.368421052633	2.000000000000	2.000000000000	0.275367721760	
1.473684210527	0.000000000000	2.000000000000	0.545907382780	
1.473684210527	0.105263157895	2.000000000000	0.526649373699	
1.473684210527	0.210526315789	2.000000000000	0.507641648818	
1.473684210527	0.315789473684	2.000000000000	0.488904040434	
1.473684210527	0.421052631579	2.000000000000	0.470478349313	
1.473684210527	0.526315789474	2.000000000000	0.452806918695	
1.473684210527	0.631578947368	2.000000000000	0.435935394833	
1.473684210527	0.736842105263	2.000000000000	0.419694507728	
1.473684210527	0.842105263158	2.000000000000	0.403951798844	
1.473684210527	0.947368421053	2.000000000000	0.388447990124	
1.473684210527	1.052631578947	2.000000000000	0.373275368230	
1.473684210527	1.157894736842	2.000000000000	0.358517577429	
1.473684210527	1.263157894737	2.000000000000	0.344299195579	
1.473684210527	1.368421052632	2.000000000000	0.330918816479	
1.473684210527	1.473684210526	2.000000000000	0.318776998479	
1.473684210527	1.578947368421	2.000000000000	0.307858863845	
1.473684210527	1.684210526316	2.000000000000	0.298420023800	
1.473684210527	1.789473684211	2.000000000000	0.290427682347	
1.473684210527	1.894736842105	2.000000000000	0.287382997392	
1.473684210527	2.000000000000	2.000000000000	0.292750208969	
1.578947368420	0.000000000000	2.000000000000	0.557874285836	
1.578947368420	0.105263157895	2.000000000000	0.538892333953	
1.578947368420	0.210526315789	2.000000000000	0.520165211839	
1.578947368420	0.315789473684	2.000000000000	0.501727889840	
1.578947368420	0.421052631579	2.000000000000	0.483969727067	
1.578947368420	0.526315789474	2.000000000000	0.466939913229	
1.578947368420	0.631578947368	2.000000000000	0.450473958447	
1.578947368420	0.736842105263	2.000000000000	0.434579236307	
1.578947368420	0.842105263158	2.000000000000	0.419045489085	
1.578947368420	0.947368421053	2.000000000000	0.403734721011	
1.578947368420	1.052631578947	2.000000000000	0.388771511778	
1.578947368420	1.157894736842	2.000000000000	0.374247794709	
1.578947368420	1.263157894737	2.000000000000	0.360321141845	
1.578947368420	1.368421052632	2.000000000000	0.347351516698	
1.578947368420	1.473684210526	2.000000000000	0.335509756037	
1.578947368420	1.578947368421	2.000000000000	0.324812502893	
1.578947368420	1.684210526316	2.000000000000	0.315562017207	
1.578947368420	1.789473684211	2.000000000000	0.307757870161	
1.578947368420	1.894736842105	2.000000000000	0.304802213150	
1.578947368420	2.000000000000	2.000000000000	0.310167131258	
