############################################################################################################
# Fit points used to estimate minimums of wetness found for the following parameters:
# Body = RunningMan.in, vmax = 2 vfall
# dx = 0.001 m, nstep = 50
# nfit = 9, dv = 0.006 vfall
# Columns:
# vcross (vfall)	vtail (vfall)	vb (vfall)	Rb (m^2)
############################################################################################################
0.000000000000	0.000000000000	2.000000000000	0.444435304176	
0.000000000000	0.063157894737	2.000000000000	0.431136536518	
0.000000000000	0.126315789474	1.675730997634	0.417646475345	
0.000000000000	0.126315789474	1.681730997634	0.417645411249	
0.000000000000	0.126315789474	1.687730997634	0.417643506087	
0.000000000000	0.126315789474	1.693730997634	0.417643812905	
0.000000000000	0.126315789474	1.699730997634	0.417644178201	
0.000000000000	0.126315789474	1.705730997634	0.417644458635	
0.000000000000	0.126315789474	1.711730997634	0.417644414853	
0.000000000000	0.126315789474	1.717730997634	0.417644609273	
0.000000000000	0.126315789474	1.723730997634	0.417646184417	
0.000000000000	0.189473684211	0.798860553813	0.391955851538	
0.000000000000	0.189473684211	0.804860553813	0.391904541895	
0.000000000000	0.189473684211	0.810860553813	0.391870312241	
0.000000000000	0.189473684211	0.816860553813	0.391851679507	
0.000000000000	0.189473684211	0.822860553813	0.391848804587	
0.000000000000	0.189473684211	0.828860553813	0.391858759084	
0.000000000000	0.189473684211	0.834860553813	0.391879676301	
0.000000000000	0.189473684211	0.840860553813	0.391910300664	
0.000000000000	0.189473684211	0.846860553813	0.391948699947	
0.000000000000	0.252631578947	0.788464056227	0.362733922957	
0.000000000000	0.252631578947	0.794464056227	0.362665102950	
0.000000000000	0.252631578947	0.800464056227	0.362617981559	
0.000000000000	0.252631578947	0.806464056227	0.362592090030	
0.000000000000	0.252631578947	0.812464056227	0.362586206051	
0.000000000000	0.252631578947	0.818464056227	0.362600293429	
0.000000000000	0.252631578947	0.824464056227	0.362635279878	
0.000000000000	0.252631578947	0.830464056227	0.362687583918	
0.000000000000	0.252631578947	0.836464056227	0.362757996346	
0.000000000000	0.315789473684	0.795527356769	0.335761706501	
0.000000000000	0.315789473684	0.801527356769	0.335683536795	
0.000000000000	0.315789473684	0.807527356769	0.335623638519	
0.000000000000	0.315789473684	0.813527356769	0.335582975718	
0.000000000000	0.315789473684	0.819527356769	0.335565318726	
0.000000000000	0.315789473684	0.825527356769	0.335567658572	
0.000000000000	0.315789473684	0.831527356769	0.335586892873	
0.000000000000	0.315789473684	0.837527356769	0.335628692986	
0.000000000000	0.315789473684	0.843527356769	0.335697205298	
0.000000000000	0.378947368421	0.799907618187	0.310973646390	
0.000000000000	0.378947368421	0.805907618187	0.310904844991	
0.000000000000	0.378947368421	0.811907618187	0.310853270296	
0.000000000000	0.378947368421	0.817907618187	0.310824522131	
0.000000000000	0.378947368421	0.823907618187	0.310812845507	
0.000000000000	0.378947368421	0.829907618187	0.310816160269	
0.000000000000	0.378947368421	0.835907618187	0.310836575428	
0.000000000000	0.378947368421	0.841907618187	0.310873621687	
0.000000000000	0.378947368421	0.847907618187	0.310924922572	
0.000000000000	0.442105263158	0.810549738534	0.288158568646	
0.000000000000	0.442105263158	0.816549738534	0.288089956579	
0.000000000000	0.442105263158	0.822549738534	0.288039202235	
0.000000000000	0.442105263158	0.828549738534	0.288006474374	
0.000000000000	0.442105263158	0.834549738534	0.287999152294	
0.000000000000	0.442105263158	0.840549738534	0.288011890756	
0.000000000000	0.442105263158	0.846549738534	0.288042513563	
0.000000000000	0.442105263158	0.852549738534	0.288089810115	
0.000000000000	0.442105263158	0.858549738534	0.288156606924	
0.000000000000	0.505263157895	0.824250884175	0.267322628301	
0.000000000000	0.505263157895	0.830250884175	0.267260684800	
0.000000000000	0.505263157895	0.836250884175	0.267212508033	
0.000000000000	0.505263157895	0.842250884175	0.267180596021	
0.000000000000	0.505263157895	0.848250884175	0.267172213133	
0.000000000000	0.505263157895	0.854250884175	0.267183011208	
0.000000000000	0.505263157895	0.860250884175	0.267209539440	
0.000000000000	0.505263157895	0.866250884175	0.267252320954	
0.000000000000	0.505263157895	0.872250884175	0.267311280428	
0.000000000000	0.568421052632	0.843225880035	0.248343947422	
0.000000000000	0.568421052632	0.849225880035	0.248269441486	
0.000000000000	0.568421052632	0.855225880035	0.248222733213	
0.000000000000	0.568421052632	0.861225880035	0.248196709980	
0.000000000000	0.568421052632	0.867225880035	0.248188287476	
0.000000000000	0.568421052632	0.873225880035	0.248198111424	
0.000000000000	0.568421052632	0.879225880035	0.248227923913	
0.000000000000	0.568421052632	0.885225880035	0.248275161921	
0.000000000000	0.568421052632	0.891225880035	0.248340394048	
0.000000000000	0.631578947368	0.874317654322	0.231233051138	
0.000000000000	0.631578947368	0.880317654322	0.231139110005	
0.000000000000	0.631578947368	0.886317654322	0.231069018731	
0.000000000000	0.631578947368	0.892317654322	0.231028173199	
0.000000000000	0.631578947368	0.898317654322	0.231014353189	
0.000000000000	0.631578947368	0.904317654322	0.231028168674	
0.000000000000	0.631578947368	0.910317654322	0.231065691338	
0.000000000000	0.631578947368	0.916317654322	0.231126781408	
0.000000000000	0.631578947368	0.922317654322	0.231207045672	
0.000000000000	0.694736842105	0.914857777148	0.215823761452	
0.000000000000	0.694736842105	0.920857777148	0.215741067464	
0.000000000000	0.694736842105	0.926857777148	0.215689401710	
0.000000000000	0.694736842105	0.932857777148	0.215660863204	
0.000000000000	0.694736842105	0.938857777148	0.215655433864	
0.000000000000	0.694736842105	0.944857777148	0.215671725994	
0.000000000000	0.694736842105	0.950857777148	0.215710454291	
0.000000000000	0.694736842105	0.956857777148	0.215773335403	
0.000000000000	0.694736842105	0.962857777148	0.215861661756	
0.000000000000	0.757894736842	0.957496553859	0.202114478384	
0.000000000000	0.757894736842	0.963496553859	0.202008196953	
0.000000000000	0.757894736842	0.969496553859	0.201933772657	
0.000000000000	0.757894736842	0.975496553859	0.201893235636	
0.000000000000	0.757894736842	0.981496553859	0.201887113790	
0.000000000000	0.757894736842	0.987496553859	0.201912151422	
0.000000000000	0.757894736842	0.993496553859	0.201959657317	
0.000000000000	0.757894736842	0.999496553859	0.202027738903	
0.000000000000	0.757894736842	1.005496553859	0.202115775951	
0.000000000000	0.821052631579	1.009276084281	0.189739870711	
0.000000000000	0.821052631579	1.015276084281	0.189656022414	
0.000000000000	0.821052631579	1.021276084281	0.189603641038	
0.000000000000	0.821052631579	1.027276084281	0.189580062082	
0.000000000000	0.821052631579	1.033276084281	0.189585619808	
0.000000000000	0.821052631579	1.039276084281	0.189621301837	
0.000000000000	0.821052631579	1.045276084281	0.189689605306	
0.000000000000	0.821052631579	1.051276084281	0.189785855180	
0.000000000000	0.821052631579	1.057276084281	0.189901280177	
0.000000000000	0.884210526316	1.056321482201	0.179052099524	
0.000000000000	0.884210526316	1.062321482201	0.178810358780	
0.000000000000	0.884210526316	1.068321482201	0.178636257392	
0.000000000000	0.884210526316	1.074321482201	0.178555284918	
0.000000000000	0.884210526316	1.080321482201	0.178549864202	
0.000000000000	0.884210526316	1.086321482201	0.178570363493	
0.000000000000	0.884210526316	1.092321482201	0.178616709836	
0.000000000000	0.884210526316	1.098321482201	0.178691380422	
0.000000000000	0.884210526316	1.104321482201	0.178793991925	
0.000000000000	0.947368421053	1.113354998997	0.169188559554	
0.000000000000	0.947368421053	1.119354998997	0.168954717201	
0.000000000000	0.947368421053	1.125354998997	0.168779145677	
0.000000000000	0.947368421053	1.131354998997	0.168666618270	
0.000000000000	0.947368421053	1.137354998997	0.168640354749	
0.000000000000	0.947368421053	1.143354998997	0.168686748998	
0.000000000000	0.947368421053	1.149354998997	0.168757121805	
0.000000000000	0.947368421053	1.155354998997	0.168851363480	
0.000000000000	0.947368421053	1.161354998997	0.168971928206	
0.000000000000	1.010526315789	1.175543222841	0.160139044791	
0.000000000000	1.010526315789	1.181543222841	0.159955443984	
0.000000000000	1.010526315789	1.187543222841	0.159826452853	
0.000000000000	1.010526315789	1.193543222841	0.159754384531	
0.000000000000	1.010526315789	1.199543222841	0.159756030467	
0.000000000000	1.010526315789	1.205543222841	0.159840799133	
0.000000000000	1.010526315789	1.211543222841	0.159947634645	
0.000000000000	1.010526315789	1.217543222841	0.160076529032	
0.000000000000	1.010526315789	1.223543222841	0.160229942199	
0.000000000000	1.073684210526	1.230207418902	0.152249613336	
0.000000000000	1.073684210526	1.236207418902	0.152044894172	
0.000000000000	1.073684210526	1.242207418902	0.151889464976	
0.000000000000	1.073684210526	1.248207418902	0.151784012404	
0.000000000000	1.073684210526	1.254207418902	0.151730936774	
0.000000000000	1.073684210526	1.260207418902	0.151738283192	
0.000000000000	1.073684210526	1.266207418902	0.151831787866	
0.000000000000	1.073684210526	1.272207418902	0.151962064645	
0.000000000000	1.073684210526	1.278207418902	0.152113431462	
0.000000000000	1.136842105263	1.288475112931	0.144977480385	
0.000000000000	1.136842105263	1.294475112931	0.144781585584	
0.000000000000	1.136842105263	1.300475112931	0.144629924946	
0.000000000000	1.136842105263	1.306475112931	0.144524648341	
0.000000000000	1.136842105263	1.312475112931	0.144467226676	
0.000000000000	1.136842105263	1.318475112931	0.144458783515	
0.000000000000	1.136842105263	1.324475112931	0.144511843744	
0.000000000000	1.136842105263	1.330475112931	0.144646020164	
0.000000000000	1.136842105263	1.336475112931	0.144805998312	
0.000000000000	1.200000000000	1.352356323504	0.138182227875	
0.000000000000	1.200000000000	1.358356323504	0.138029827907	
0.000000000000	1.200000000000	1.364356323504	0.137920210410	
0.000000000000	1.200000000000	1.370356323504	0.137854547766	
0.000000000000	1.200000000000	1.376356323504	0.137834453417	
0.000000000000	1.200000000000	1.382356323504	0.137861445720	
0.000000000000	1.200000000000	1.388356323504	0.137948779559	
0.000000000000	1.200000000000	1.394356323504	0.138111675805	
0.000000000000	1.200000000000	1.400356323504	0.138294823780	
0.063157894737	0.000000000000	2.000000000000	0.446173414745	
0.063157894737	0.063157894737	2.000000000000	0.432883157776	
0.063157894737	0.126315789474	1.922466155359	0.419600312272	
0.063157894737	0.126315789474	1.928466155359	0.419599178171	
0.063157894737	0.126315789474	1.934466155359	0.419599020223	
0.063157894737	0.126315789474	1.940466155359	0.419598607432	
0.063157894737	0.126315789474	1.946466155359	0.419597926757	
0.063157894737	0.126315789474	1.952466155359	0.419598700913	
0.063157894737	0.126315789474	1.958466155359	0.419598817965	
0.063157894737	0.126315789474	1.964466155359	0.419599417553	
0.063157894737	0.126315789474	1.970466155359	0.419600693442	
0.063157894737	0.189473684211	0.867637262058	0.397065316721	
0.063157894737	0.189473684211	0.873637262058	0.397037499875	
0.063157894737	0.189473684211	0.879637262058	0.397018584600	
0.063157894737	0.189473684211	0.885637262058	0.397006666445	
0.063157894737	0.189473684211	0.891637262058	0.397000774536	
0.063157894737	0.189473684211	0.897637262058	0.397003107683	
0.063157894737	0.189473684211	0.903637262058	0.397010829235	
0.063157894737	0.189473684211	0.909637262058	0.397026133296	
0.063157894737	0.189473684211	0.915637262058	0.397050193605	
0.063157894737	0.252631578947	0.806780425183	0.368786406707	
0.063157894737	0.252631578947	0.812780425183	0.368721996126	
0.063157894737	0.252631578947	0.818780425183	0.368676176415	
0.063157894737	0.252631578947	0.824780425183	0.368652328458	
0.063157894737	0.252631578947	0.830780425183	0.368646214792	
0.063157894737	0.252631578947	0.836780425183	0.368656695743	
0.063157894737	0.252631578947	0.842780425183	0.368685180759	
0.063157894737	0.252631578947	0.848780425183	0.368728723974	
0.063157894737	0.252631578947	0.854780425183	0.368789000608	
0.063157894737	0.315789473684	0.808460452645	0.341800033591	
0.063157894737	0.315789473684	0.814460452645	0.341729272370	
0.063157894737	0.315789473684	0.820460452645	0.341679396491	
0.063157894737	0.315789473684	0.826460452645	0.341650064296	
0.063157894737	0.315789473684	0.832460452645	0.341637639087	
0.063157894737	0.315789473684	0.838460452645	0.341643621470	
0.063157894737	0.315789473684	0.844460452645	0.341672335757	
0.063157894737	0.315789473684	0.850460452645	0.341724784817	
0.063157894737	0.315789473684	0.856460452645	0.341794697322	
0.063157894737	0.378947368421	0.810844463177	0.316869303135	
0.063157894737	0.378947368421	0.816844463177	0.316815231934	
0.063157894737	0.378947368421	0.822844463177	0.316776423712	
0.063157894737	0.378947368421	0.828844463177	0.316751882291	
0.063157894737	0.378947368421	0.834844463177	0.316742135069	
0.063157894737	0.378947368421	0.840844463177	0.316744938423	
0.063157894737	0.378947368421	0.846844463177	0.316771133772	
0.063157894737	0.378947368421	0.852844463177	0.316816339412	
0.063157894737	0.378947368421	0.858844463177	0.316873557420	
0.063157894737	0.442105263158	0.802035600875	0.293750217341	
0.063157894737	0.442105263158	0.808035600875	0.293676128564	
0.063157894737	0.442105263158	0.814035600875	0.293623089674	
0.063157894737	0.442105263158	0.820035600875	0.293588831390	
0.063157894737	0.442105263158	0.826035600875	0.293575256083	
0.063157894737	0.442105263158	0.832035600875	0.293577876337	
0.063157894737	0.442105263158	0.838035600875	0.293595769362	
0.063157894737	0.442105263158	0.844035600875	0.293626395716	
0.063157894737	0.442105263158	0.850035600875	0.293668462396	
0.063157894737	0.505263157895	0.812567013301	0.272320708610	
0.063157894737	0.505263157895	0.818567013301	0.272250418254	
0.063157894737	0.505263157895	0.824567013301	0.272195426394	
0.063157894737	0.505263157895	0.830567013301	0.272156583109	
0.063157894737	0.505263157895	0.836567013301	0.272137563452	
0.063157894737	0.505263157895	0.842567013301	0.272142465907	
0.063157894737	0.505263157895	0.848567013301	0.272165106651	
0.063157894737	0.505263157895	0.854567013301	0.272203158704	
0.063157894737	0.505263157895	0.860567013301	0.272256371808	
0.063157894737	0.568421052632	0.831921832878	0.252805103202	
0.063157894737	0.568421052632	0.837921832878	0.252704891822	
0.063157894737	0.568421052632	0.843921832878	0.252632202424	
0.063157894737	0.568421052632	0.849921832878	0.252589795800	
0.063157894737	0.568421052632	0.855921832878	0.252576261209	
0.063157894737	0.568421052632	0.861921832878	0.252585670319	
0.063157894737	0.568421052632	0.867921832878	0.252614274499	
0.063157894737	0.568421052632	0.873921832878	0.252663293544	
0.063157894737	0.568421052632	0.879921832878	0.252727713189	
0.063157894737	0.631578947368	0.867126361704	0.235143022908	
0.063157894737	0.631578947368	0.873126361704	0.235058082981	
0.063157894737	0.631578947368	0.879126361704	0.235002086245	
0.063157894737	0.631578947368	0.885126361704	0.234970350600	
0.063157894737	0.631578947368	0.891126361704	0.234961178928	
0.063157894737	0.631578947368	0.897126361704	0.234972961326	
0.063157894737	0.631578947368	0.903126361704	0.235006862634	
0.063157894737	0.631578947368	0.909126361704	0.235064615089	
0.063157894737	0.631578947368	0.915126361704	0.235149749107	
0.063157894737	0.694736842105	0.901212178932	0.219585514041	
0.063157894737	0.694736842105	0.907212178932	0.219432200137	
0.063157894737	0.694736842105	0.913212178932	0.219310588207	
0.063157894737	0.694736842105	0.919212178932	0.219224893892	
0.063157894737	0.694736842105	0.925212178932	0.219183226379	
0.063157894737	0.694736842105	0.931212178932	0.219180992966	
0.063157894737	0.694736842105	0.937212178932	0.219209343966	
0.063157894737	0.694736842105	0.943212178932	0.219260540184	
0.063157894737	0.694736842105	0.949212178932	0.219333417849	
0.063157894737	0.757894736842	0.952501259698	0.205398510112	
0.063157894737	0.757894736842	0.958501259698	0.205285455813	
0.063157894737	0.757894736842	0.964501259698	0.205203061354	
0.063157894737	0.757894736842	0.970501259698	0.205149238169	
0.063157894737	0.757894736842	0.976501259698	0.205123840576	
0.063157894737	0.757894736842	0.982501259698	0.205131212165	
0.063157894737	0.757894736842	0.988501259698	0.205178534548	
0.063157894737	0.757894736842	0.994501259698	0.205261663534	
0.063157894737	0.757894736842	1.000501259698	0.205372359754	
0.063157894737	0.821052631579	1.001659425219	0.192933334382	
0.063157894737	0.821052631579	1.007659425219	0.192736042474	
0.063157894737	0.821052631579	1.013659425219	0.192643945945	
0.063157894737	0.821052631579	1.019659425219	0.192601851957	
0.063157894737	0.821052631579	1.025659425219	0.192590157179	
0.063157894737	0.821052631579	1.031659425219	0.192604715064	
0.063157894737	0.821052631579	1.037659425219	0.192644136335	
0.063157894737	0.821052631579	1.043659425219	0.192711010612	
0.063157894737	0.821052631579	1.049659425219	0.192814849642	
0.063157894737	0.884210526316	1.054765518310	0.181862210397	
0.063157894737	0.884210526316	1.060765518310	0.181618922789	
0.063157894737	0.884210526316	1.066765518310	0.181441976232	
0.063157894737	0.884210526316	1.072765518310	0.181348539424	
0.063157894737	0.884210526316	1.078765518310	0.181348778254	
0.063157894737	0.884210526316	1.084765518310	0.181381676843	
0.063157894737	0.884210526316	1.090765518310	0.181440100320	
0.063157894737	0.884210526316	1.096765518310	0.181522275571	
0.063157894737	0.884210526316	1.102765518310	0.181628130864	
0.063157894737	0.947368421053	1.110980807453	0.171848954375	
0.063157894737	0.947368421053	1.116980807453	0.171619842873	
0.063157894737	0.947368421053	1.122980807453	0.171437161475	
0.063157894737	0.947368421053	1.128980807453	0.171312649343	
0.063157894737	0.947368421053	1.134980807453	0.171264812612	
0.063157894737	0.947368421053	1.140980807453	0.171308220571	
0.063157894737	0.947368421053	1.146980807453	0.171387403635	
0.063157894737	0.947368421053	1.152980807453	0.171491056798	
0.063157894737	0.947368421053	1.158980807453	0.171616786478	
0.063157894737	1.010526315789	1.171941513342	0.162678773631	
0.063157894737	1.010526315789	1.177941513342	0.162492049632	
0.063157894737	1.010526315789	1.183941513342	0.162349247690	
0.063157894737	1.010526315789	1.189941513342	0.162254137563	
0.063157894737	1.010526315789	1.195941513342	0.162228015735	
0.063157894737	1.010526315789	1.201941513342	0.162286150494	
0.063157894737	1.010526315789	1.207941513342	0.162396079846	
0.063157894737	1.010526315789	1.213941513342	0.162530783963	
0.063157894737	1.010526315789	1.219941513342	0.162686527156	
0.063157894737	1.073684210526	1.227653432889	0.154597550938	
0.063157894737	1.073684210526	1.233653432889	0.154399610678	
0.063157894737	1.073684210526	1.239653432889	0.154251874010	
0.063157894737	1.073684210526	1.245653432889	0.154146659813	
0.063157894737	1.073684210526	1.251653432889	0.154083432599	
0.063157894737	1.073684210526	1.257653432889	0.154081065862	
0.063157894737	1.073684210526	1.263653432889	0.154153599558	
0.063157894737	1.073684210526	1.269653432889	0.154290336918	
0.063157894737	1.073684210526	1.275653432889	0.154451002845	
0.063157894737	1.136842105263	1.287715140931	0.147134579883	
0.063157894737	1.136842105263	1.293715140931	0.146951937961	
0.063157894737	1.136842105263	1.299715140931	0.146823787326	
0.063157894737	1.136842105263	1.305715140931	0.146737969957	
0.063157894737	1.136842105263	1.311715140931	0.146690305833	
0.063157894737	1.136842105263	1.317715140931	0.146689003018	
0.063157894737	1.136842105263	1.323715140931	0.146751324103	
0.063157894737	1.136842105263	1.329715140931	0.146891619887	
0.063157894737	1.136842105263	1.335715140931	0.147066002323	
0.063157894737	1.200000000000	1.349587424816	0.140292244051	
0.063157894737	1.200000000000	1.355587424816	0.140137580719	
0.063157894737	1.200000000000	1.361587424816	0.140035778404	
0.063157894737	1.200000000000	1.367587424816	0.139975463401	
0.063157894737	1.200000000000	1.373587424816	0.139951801814	
0.063157894737	1.200000000000	1.379587424816	0.139968515380	
0.063157894737	1.200000000000	1.385587424816	0.140044193525	
0.063157894737	1.200000000000	1.391587424816	0.140192248646	
0.063157894737	1.200000000000	1.397587424816	0.140382728167	
0.126315789474	0.000000000000	2.000000000000	0.448133919654	
0.126315789474	0.063157894737	2.000000000000	0.434855172813	
0.126315789474	0.126315789474	2.000000000000	0.421588729013	
0.126315789474	0.189473684211	0.884323357749	0.398418462201	
0.126315789474	0.189473684211	0.890323357749	0.398391822391	
0.126315789474	0.189473684211	0.896323357749	0.398374463973	
0.126315789474	0.189473684211	0.902323357749	0.398364720347	
0.126315789474	0.189473684211	0.908323357749	0.398361887803	
0.126315789474	0.189473684211	0.914323357749	0.398369873784	
0.126315789474	0.189473684211	0.920323357749	0.398385843646	
0.126315789474	0.189473684211	0.926323357749	0.398412409972	
0.126315789474	0.189473684211	0.932323357749	0.398449813138	
0.126315789474	0.252631578947	0.834961352468	0.370799320647	
0.126315789474	0.252631578947	0.840961352468	0.370741745630	
0.126315789474	0.252631578947	0.846961352468	0.370703710790	
0.126315789474	0.252631578947	0.852961352468	0.370680665828	
0.126315789474	0.252631578947	0.858961352468	0.370669568604	
0.126315789474	0.252631578947	0.864961352468	0.370674466208	
0.126315789474	0.252631578947	0.870961352468	0.370700174215	
0.126315789474	0.252631578947	0.876961352468	0.370743049224	
0.126315789474	0.252631578947	0.882961352468	0.370802991776	
0.126315789474	0.315789473684	0.827236467893	0.344368911926	
0.126315789474	0.315789473684	0.833236467893	0.344308055645	
0.126315789474	0.315789473684	0.839236467893	0.344267233655	
0.126315789474	0.315789473684	0.845236467893	0.344244595273	
0.126315789474	0.315789473684	0.851236467893	0.344242659258	
0.126315789474	0.315789473684	0.857236467893	0.344254209966	
0.126315789474	0.315789473684	0.863236467893	0.344285089425	
0.126315789474	0.315789473684	0.869236467893	0.344332011681	
0.126315789474	0.315789473684	0.875236467893	0.344390543090	
0.126315789474	0.378947368421	0.826056408273	0.319691684610	
0.126315789474	0.378947368421	0.832056408273	0.319638759695	
0.126315789474	0.378947368421	0.838056408273	0.319596851078	
0.126315789474	0.378947368421	0.844056408273	0.319571872683	
0.126315789474	0.378947368421	0.850056408273	0.319566376670	
0.126315789474	0.378947368421	0.856056408273	0.319586490978	
0.126315789474	0.378947368421	0.862056408273	0.319618542430	
0.126315789474	0.378947368421	0.868056408273	0.319661724117	
0.126315789474	0.378947368421	0.874056408273	0.319720061744	
0.126315789474	0.442105263158	0.823783622832	0.296776031313	
0.126315789474	0.442105263158	0.829783622832	0.296711573904	
0.126315789474	0.442105263158	0.835783622832	0.296666032830	
0.126315789474	0.442105263158	0.841783622832	0.296636774075	
0.126315789474	0.442105263158	0.847783622832	0.296622251414	
0.126315789474	0.442105263158	0.853783622832	0.296629317283	
0.126315789474	0.442105263158	0.859783622832	0.296657552417	
0.126315789474	0.442105263158	0.865783622832	0.296699407991	
0.126315789474	0.442105263158	0.871783622832	0.296754043874	
0.126315789474	0.505263157895	0.831260650348	0.275628732391	
0.126315789474	0.505263157895	0.837260650348	0.275549149094	
0.126315789474	0.505263157895	0.843260650348	0.275500503010	
0.126315789474	0.505263157895	0.849260650348	0.275464884383	
0.126315789474	0.505263157895	0.855260650348	0.275451627562	
0.126315789474	0.505263157895	0.861260650348	0.275455127518	
0.126315789474	0.505263157895	0.867260650348	0.275475756020	
0.126315789474	0.505263157895	0.873260650348	0.275510467199	
0.126315789474	0.505263157895	0.879260650348	0.275559631650	
0.126315789474	0.568421052632	0.845992318907	0.256296951542	
0.126315789474	0.568421052632	0.851992318907	0.256201301142	
0.126315789474	0.568421052632	0.857992318907	0.256133426237	
0.126315789474	0.568421052632	0.863992318907	0.256090233228	
0.126315789474	0.568421052632	0.869992318907	0.256070782689	
0.126315789474	0.568421052632	0.875992318907	0.256073685680	
0.126315789474	0.568421052632	0.881992318907	0.256091915485	
0.126315789474	0.568421052632	0.887992318907	0.256121254938	
0.126315789474	0.568421052632	0.893992318907	0.256162208975	
0.126315789474	0.631578947368	0.883695822014	0.238662869589	
0.126315789474	0.631578947368	0.889695822014	0.238586507008	
0.126315789474	0.631578947368	0.895695822014	0.238531060907	
0.126315789474	0.631578947368	0.901695822014	0.238498678740	
0.126315789474	0.631578947368	0.907695822014	0.238490432509	
0.126315789474	0.631578947368	0.913695822014	0.238510258988	
0.126315789474	0.631578947368	0.919695822014	0.238557066453	
0.126315789474	0.631578947368	0.925695822014	0.238625592442	
0.126315789474	0.631578947368	0.931695822014	0.238714688749	
0.126315789474	0.694736842105	0.919933442455	0.222879134201	
0.126315789474	0.694736842105	0.925933442455	0.222804821251	
0.126315789474	0.694736842105	0.931933442455	0.222757941873	
0.126315789474	0.694736842105	0.937933442455	0.222738062231	
0.126315789474	0.694736842105	0.943933442455	0.222737111691	
0.126315789474	0.694736842105	0.949933442455	0.222756647603	
0.126315789474	0.694736842105	0.955933442455	0.222794427566	
0.126315789474	0.694736842105	0.961933442455	0.222851353047	
0.126315789474	0.694736842105	0.967933442455	0.222929379491	
0.126315789474	0.757894736842	0.959475370335	0.208789324377	
0.126315789474	0.757894736842	0.965475370335	0.208693163573	
0.126315789474	0.757894736842	0.971475370335	0.208621678887	
0.126315789474	0.757894736842	0.977475370335	0.208574630311	
0.126315789474	0.757894736842	0.983475370335	0.208560751216	
0.126315789474	0.757894736842	0.989475370335	0.208579578501	
0.126315789474	0.757894736842	0.995475370335	0.208623126471	
0.126315789474	0.757894736842	1.001475370335	0.208690455673	
0.126315789474	0.757894736842	1.007475370335	0.208774450791	
0.126315789474	0.821052631579	1.005373450175	0.196109415619	
0.126315789474	0.821052631579	1.011373450175	0.195981332758	
0.126315789474	0.821052631579	1.017373450175	0.195925783724	
0.126315789474	0.821052631579	1.023373450175	0.195891670552	
0.126315789474	0.821052631579	1.029373450175	0.195879119496	
0.126315789474	0.821052631579	1.035373450175	0.195888733026	
0.126315789474	0.821052631579	1.041373450175	0.195921179778	
0.126315789474	0.821052631579	1.047373450175	0.195985101790	
0.126315789474	0.821052631579	1.053373450175	0.196077439592	
0.126315789474	0.884210526316	1.054617088163	0.185007198423	
0.126315789474	0.884210526316	1.060617088163	0.184737009882	
0.126315789474	0.884210526316	1.066617088163	0.184558119759	
0.126315789474	0.884210526316	1.072617088163	0.184464704466	
0.126315789474	0.884210526316	1.078617088163	0.184467456396	
0.126315789474	0.884210526316	1.084617088163	0.184493018383	
0.126315789474	0.884210526316	1.090617088163	0.184537739142	
0.126315789474	0.884210526316	1.096617088163	0.184602161205	
0.126315789474	0.884210526316	1.102617088163	0.184686527697	
0.126315789474	0.947368421053	1.108872587640	0.175011900756	
0.126315789474	0.947368421053	1.114872587640	0.174685647632	
0.126315789474	0.947368421053	1.120872587640	0.174440567608	
0.126315789474	0.947368421053	1.126872587640	0.174286196401	
0.126315789474	0.947368421053	1.132872587640	0.174211838182	
0.126315789474	0.947368421053	1.138872587640	0.174233024955	
0.126315789474	0.947368421053	1.144872587640	0.174301814036	
0.126315789474	0.947368421053	1.150872587640	0.174388074898	
0.126315789474	0.947368421053	1.156872587640	0.174491878740	
0.126315789474	1.010526315789	1.169372978185	0.165715927492	
0.126315789474	1.010526315789	1.175372978185	0.165427729837	
0.126315789474	1.010526315789	1.181372978185	0.165205299337	
0.126315789474	1.010526315789	1.187372978185	0.165069885726	
0.126315789474	1.010526315789	1.193372978185	0.165014081835	
0.126315789474	1.010526315789	1.199372978185	0.165035239062	
0.126315789474	1.010526315789	1.205372978185	0.165137433181	
0.126315789474	1.010526315789	1.211372978185	0.165257101563	
0.126315789474	1.010526315789	1.217372978185	0.165393416495	
0.126315789474	1.073684210526	1.233058068927	0.157201367681	
0.126315789474	1.073684210526	1.239058068927	0.156974292254	
0.126315789474	1.073684210526	1.245058068927	0.156810201750	
0.126315789474	1.073684210526	1.251058068927	0.156729167907	
0.126315789474	1.073684210526	1.257058068927	0.156721888860	
0.126315789474	1.073684210526	1.263058068927	0.156790552962	
0.126315789474	1.073684210526	1.269058068927	0.156928395675	
0.126315789474	1.073684210526	1.275058068927	0.157081955155	
0.126315789474	1.073684210526	1.281058068927	0.157251119813	
0.126315789474	1.136842105263	1.293322340407	0.149648621029	
0.126315789474	1.136842105263	1.299322340407	0.149441584886	
0.126315789474	1.136842105263	1.305322340407	0.149289396129	
0.126315789474	1.136842105263	1.311322340407	0.149209011985	
0.126315789474	1.136842105263	1.317322340407	0.149203778283	
0.126315789474	1.136842105263	1.323322340407	0.149264628806	
0.126315789474	1.136842105263	1.329322340407	0.149407214662	
0.126315789474	1.136842105263	1.335322340407	0.149580422629	
0.126315789474	1.136842105263	1.341322340407	0.149767721666	
0.126315789474	1.200000000000	1.355832432741	0.142701639465	
0.126315789474	1.200000000000	1.361832432741	0.142529733917	
0.126315789474	1.200000000000	1.367832432741	0.142409121279	
0.126315789474	1.200000000000	1.373832432741	0.142354329209	
0.126315789474	1.200000000000	1.379832432741	0.142371494133	
0.126315789474	1.200000000000	1.385832432741	0.142452273600	
0.126315789474	1.200000000000	1.391832432741	0.142610513620	
0.126315789474	1.200000000000	1.397832432741	0.142803540742	
0.126315789474	1.200000000000	1.403832432741	0.143009803342	
0.189473684211	0.000000000000	2.000000000000	0.450070287649	
0.189473684211	0.063157894737	2.000000000000	0.436798661641	
0.189473684211	0.126315789474	2.000000000000	0.423536251705	
0.189473684211	0.189473684211	0.905802347624	0.399723982517	
0.189473684211	0.189473684211	0.911802347624	0.399670147921	
0.189473684211	0.189473684211	0.917802347624	0.399624817909	
0.189473684211	0.189473684211	0.923802347624	0.399597668749	
0.189473684211	0.189473684211	0.929802347624	0.399589026192	
0.189473684211	0.189473684211	0.935802347624	0.399590252394	
0.189473684211	0.189473684211	0.941802347624	0.399611844271	
0.189473684211	0.189473684211	0.947802347624	0.399646869225	
0.189473684211	0.189473684211	0.953802347624	0.399703075983	
0.189473684211	0.252631578947	0.892009193959	0.373320540209	
0.189473684211	0.252631578947	0.898009193959	0.373269209220	
0.189473684211	0.252631578947	0.904009193959	0.373236111141	
0.189473684211	0.252631578947	0.910009193959	0.373215071478	
0.189473684211	0.252631578947	0.916009193959	0.373210488071	
0.189473684211	0.252631578947	0.922009193959	0.373219576728	
0.189473684211	0.252631578947	0.928009193959	0.373242424138	
0.189473684211	0.252631578947	0.934009193959	0.373272668656	
0.189473684211	0.252631578947	0.940009193959	0.373310217733	
0.189473684211	0.315789473684	0.879144486449	0.348326076452	
0.189473684211	0.315789473684	0.885144486449	0.348280844735	
0.189473684211	0.315789473684	0.891144486449	0.348248804300	
0.189473684211	0.315789473684	0.897144486449	0.348232793468	
0.189473684211	0.315789473684	0.903144486449	0.348227333798	
0.189473684211	0.315789473684	0.909144486449	0.348230524362	
0.189473684211	0.315789473684	0.915144486449	0.348243014316	
0.189473684211	0.315789473684	0.921144486449	0.348264904089	
0.189473684211	0.315789473684	0.927144486449	0.348299189299	
0.189473684211	0.378947368421	0.864285688100	0.324659039067	
0.189473684211	0.378947368421	0.870285688100	0.324606101705	
0.189473684211	0.378947368421	0.876285688100	0.324565107327	
0.189473684211	0.378947368421	0.882285688100	0.324537407478	
0.189473684211	0.378947368421	0.888285688100	0.324524252009	
0.189473684211	0.378947368421	0.894285688100	0.324527716976	
0.189473684211	0.378947368421	0.900285688100	0.324542892472	
0.189473684211	0.378947368421	0.906285688100	0.324570365289	
0.189473684211	0.378947368421	0.912285688100	0.324611609439	
0.189473684211	0.442105263158	0.862994628757	0.302353770730	
0.189473684211	0.442105263158	0.868994628757	0.302307663725	
0.189473684211	0.442105263158	0.874994628757	0.302277260810	
0.189473684211	0.442105263158	0.880994628757	0.302260545183	
0.189473684211	0.442105263158	0.886994628757	0.302258138121	
0.189473684211	0.442105263158	0.892994628757	0.302264450634	
0.189473684211	0.442105263158	0.898994628757	0.302282233820	
0.189473684211	0.442105263158	0.904994628757	0.302314904451	
0.189473684211	0.442105263158	0.910994628757	0.302359318342	
0.189473684211	0.505263157895	0.866119444750	0.281600299871	
0.189473684211	0.505263157895	0.872119444750	0.281548617195	
0.189473684211	0.505263157895	0.878119444750	0.281509785538	
0.189473684211	0.505263157895	0.884119444750	0.281486628695	
0.189473684211	0.505263157895	0.890119444750	0.281481534211	
0.189473684211	0.505263157895	0.896119444750	0.281489024500	
0.189473684211	0.505263157895	0.902119444750	0.281508872456	
0.189473684211	0.505263157895	0.908119444750	0.281543123150	
0.189473684211	0.505263157895	0.914119444750	0.281592352747	
0.189473684211	0.568421052632	0.875049284015	0.262403506872	
0.189473684211	0.568421052632	0.881049284015	0.262352870086	
0.189473684211	0.568421052632	0.887049284015	0.262319264841	
0.189473684211	0.568421052632	0.893049284015	0.262298721196	
0.189473684211	0.568421052632	0.899049284015	0.262290781512	
0.189473684211	0.568421052632	0.905049284015	0.262294138490	
0.189473684211	0.568421052632	0.911049284015	0.262310568523	
0.189473684211	0.568421052632	0.917049284015	0.262344720581	
0.189473684211	0.568421052632	0.923049284015	0.262394851123	
0.189473684211	0.631578947368	0.897694682890	0.244765508510	
0.189473684211	0.631578947368	0.903694682890	0.244691799399	
0.189473684211	0.631578947368	0.909694682890	0.244646509191	
0.189473684211	0.631578947368	0.915694682890	0.244630929580	
0.189473684211	0.631578947368	0.921694682890	0.244637729467	
0.189473684211	0.631578947368	0.927694682890	0.244661731611	
0.189473684211	0.631578947368	0.933694682890	0.244700818123	
0.189473684211	0.631578947368	0.939694682890	0.244753883477	
0.189473684211	0.631578947368	0.945694682890	0.244822541712	
0.189473684211	0.694736842105	0.931075379477	0.228841969111	
0.189473684211	0.694736842105	0.937075379477	0.228764162925	
0.189473684211	0.694736842105	0.943075379477	0.228712913015	
0.189473684211	0.694736842105	0.949075379477	0.228681955695	
0.189473684211	0.694736842105	0.955075379477	0.228668577378	
0.189473684211	0.694736842105	0.961075379477	0.228677443386	
0.189473684211	0.694736842105	0.967075379477	0.228709490302	
0.189473684211	0.694736842105	0.973075379477	0.228766700008	
0.189473684211	0.694736842105	0.979075379477	0.228850373249	
0.189473684211	0.757894736842	0.970633098674	0.214496778874	
0.189473684211	0.757894736842	0.976633098674	0.214408600108	
0.189473684211	0.757894736842	0.982633098674	0.214347821000	
0.189473684211	0.757894736842	0.988633098674	0.214313994566	
0.189473684211	0.757894736842	0.994633098674	0.214305278700	
0.189473684211	0.757894736842	1.000633098674	0.214321077770	
0.189473684211	0.757894736842	1.006633098674	0.214360431708	
0.189473684211	0.757894736842	1.012633098674	0.214417632815	
0.189473684211	0.757894736842	1.018633098674	0.214490536876	
0.189473684211	0.821052631579	1.013375111194	0.201579612323	
0.189473684211	0.821052631579	1.019375111194	0.201492203495	
0.189473684211	0.821052631579	1.025375111194	0.201435666729	
0.189473684211	0.821052631579	1.031375111194	0.201401209321	
0.189473684211	0.821052631579	1.037375111194	0.201385953742	
0.189473684211	0.821052631579	1.043375111194	0.201392369109	
0.189473684211	0.821052631579	1.049375111194	0.201425040691	
0.189473684211	0.821052631579	1.055375111194	0.201480989637	
0.189473684211	0.821052631579	1.061375111194	0.201559160580	
0.189473684211	0.884210526316	1.059975101460	0.190585966390	
0.189473684211	0.884210526316	1.065975101460	0.190194868852	
0.189473684211	0.884210526316	1.071975101460	0.189880496082	
0.189473684211	0.884210526316	1.077975101460	0.189741714072	
0.189473684211	0.884210526316	1.083975101460	0.189737044861	
0.189473684211	0.884210526316	1.089975101460	0.189754146601	
0.189473684211	0.884210526316	1.095975101460	0.189789740789	
0.189473684211	0.884210526316	1.101975101460	0.189843233632	
0.189473684211	0.884210526316	1.107975101460	0.189917793313	
0.189473684211	0.947368421053	1.121618516046	0.179955929076	
0.189473684211	0.947368421053	1.127618516046	0.179629284859	
0.189473684211	0.947368421053	1.133618516046	0.179367906564	
0.189473684211	0.947368421053	1.139618516046	0.179238222713	
0.189473684211	0.947368421053	1.145618516046	0.179276451518	
0.189473684211	0.947368421053	1.151618516046	0.179341592436	
0.189473684211	0.947368421053	1.157618516046	0.179425233615	
0.189473684211	0.947368421053	1.163618516046	0.179524709350	
0.189473684211	0.947368421053	1.169618516046	0.179642315304	
0.189473684211	1.010526315789	1.178249825148	0.170703263024	
0.189473684211	1.010526315789	1.184249825148	0.170388080308	
0.189473684211	1.010526315789	1.190249825148	0.170122599293	
0.189473684211	1.010526315789	1.196249825148	0.169916700918	
0.189473684211	1.010526315789	1.202249825148	0.169825458026	
0.189473684211	1.010526315789	1.208249825148	0.169900912481	
0.189473684211	1.010526315789	1.214249825148	0.170007097435	
0.189473684211	1.010526315789	1.220249825148	0.170131105096	
0.189473684211	1.010526315789	1.226249825148	0.170269455540	
0.189473684211	1.073684210526	1.242774222864	0.161956202919	
0.189473684211	1.073684210526	1.248774222864	0.161709100218	
0.189473684211	1.073684210526	1.254774222864	0.161509539250	
0.189473684211	1.073684210526	1.260774222864	0.161370452810	
0.189473684211	1.073684210526	1.266774222864	0.161363771292	
0.189473684211	1.073684210526	1.272774222864	0.161491086225	
0.189473684211	1.073684210526	1.278774222864	0.161636207709	
0.189473684211	1.073684210526	1.284774222864	0.161796152628	
0.189473684211	1.073684210526	1.290774222864	0.161970101766	
0.189473684211	1.136842105263	1.307109340809	0.154081000660	
0.189473684211	1.136842105263	1.313109340809	0.153890277249	
0.189473684211	1.136842105263	1.319109340809	0.153745466423	
0.189473684211	1.136842105263	1.325109340809	0.153662750804	
0.189473684211	1.136842105263	1.331109340809	0.153729506038	
0.189473684211	1.136842105263	1.337109340809	0.153888720821	
0.189473684211	1.136842105263	1.343109340809	0.154064185857	
0.189473684211	1.136842105263	1.349109340809	0.154253137524	
0.189473684211	1.136842105263	1.355109340809	0.154455085573	
0.189473684211	1.200000000000	1.366341795343	0.147099458359	
0.189473684211	1.200000000000	1.372341795343	0.146922455715	
0.189473684211	1.200000000000	1.378341795343	0.146785497585	
0.189473684211	1.200000000000	1.384341795343	0.146695981573	
0.189473684211	1.200000000000	1.390341795343	0.146685676419	
0.189473684211	1.200000000000	1.396341795343	0.146827537017	
0.189473684211	1.200000000000	1.402341795343	0.147013995100	
0.189473684211	1.200000000000	1.408341795343	0.147216049077	
0.189473684211	1.200000000000	1.414341795343	0.147430217366	
