############################################################################################################
# Fit points used to estimate minimums of wetness found for the following parameters:
# Body = RunningMan.in, vmax = 2 vfall
# dx = 0.001 m, nstep = 50
# nfit = 9, dv = 0.006 vfall
# Columns:
# vcross (vfall)	vtail (vfall)	vb (vfall)	Rb (m^2)
############################################################################################################
0.842105263158	0.000000000000	2.000000000000	0.483926778084	
0.842105263158	0.105263157895	2.000000000000	0.462722224869	
0.842105263158	0.210526315789	2.000000000000	0.441771641522	
0.842105263158	0.315789473684	2.000000000000	0.421083768262	
0.842105263158	0.421052631579	2.000000000000	0.400619751858	
0.842105263158	0.526315789474	2.000000000000	0.380420779351	
0.842105263158	0.631578947368	1.779820574472	0.359853721647	
0.842105263158	0.631578947368	1.785820574472	0.359849120475	
0.842105263158	0.631578947368	1.791820574472	0.359846112743	
0.842105263158	0.631578947368	1.797820574472	0.359844650039	
0.842105263158	0.631578947368	1.803820574472	0.359844232984	
0.842105263158	0.631578947368	1.809820574472	0.359846188075	
0.842105263158	0.631578947368	1.815820574472	0.359849476931	
0.842105263158	0.631578947368	1.821820574472	0.359854030371	
0.842105263158	0.631578947368	1.827820574472	0.359860366965	
0.842105263158	0.736842105263	1.653578811702	0.338465654809	
0.842105263158	0.736842105263	1.659578811702	0.338451790758	
0.842105263158	0.736842105263	1.665578811702	0.338442004605	
0.842105263158	0.736842105263	1.671578811702	0.338437103969	
0.842105263158	0.736842105263	1.677578811702	0.338434110832	
0.842105263158	0.736842105263	1.683578811702	0.338435320041	
0.842105263158	0.736842105263	1.689578811702	0.338439781938	
0.842105263158	0.736842105263	1.695578811702	0.338447288437	
0.842105263158	0.736842105263	1.701578811702	0.338458057596	
0.842105263158	0.842105263158	1.669071957217	0.317954754171	
0.842105263158	0.842105263158	1.675071957217	0.317944485417	
0.842105263158	0.842105263158	1.681071957217	0.317937819831	
0.842105263158	0.842105263158	1.687071957217	0.317934875434	
0.842105263158	0.842105263158	1.693071957217	0.317935494858	
0.842105263158	0.842105263158	1.699071957217	0.317939750047	
0.842105263158	0.842105263158	1.705071957217	0.317948061721	
0.842105263158	0.842105263158	1.711071957217	0.317959763172	
0.842105263158	0.842105263158	1.717071957217	0.317975131273	
0.842105263158	0.947368421053	1.643917313347	0.298647638849	
0.842105263158	0.947368421053	1.649917313347	0.298636830367	
0.842105263158	0.947368421053	1.655917313347	0.298629282603	
0.842105263158	0.947368421053	1.661917313347	0.298624552525	
0.842105263158	0.947368421053	1.667917313347	0.298622140344	
0.842105263158	0.947368421053	1.673917313347	0.298622889902	
0.842105263158	0.947368421053	1.679917313347	0.298627859119	
0.842105263158	0.947368421053	1.685917313347	0.298634855367	
0.842105263158	0.947368421053	1.691917313347	0.298645334021	
0.842105263158	1.052631578947	1.600869093993	0.280148505947	
0.842105263158	1.052631578947	1.606869093993	0.280138402171	
0.842105263158	1.052631578947	1.612869093993	0.280131384681	
0.842105263158	1.052631578947	1.618869093993	0.280127563047	
0.842105263158	1.052631578947	1.624869093993	0.280126564325	
0.842105263158	1.052631578947	1.630869093993	0.280128634295	
0.842105263158	1.052631578947	1.636869093993	0.280133986688	
0.842105263158	1.052631578947	1.642869093993	0.280141206957	
0.842105263158	1.052631578947	1.648869093993	0.280151510692	
0.842105263158	1.157894736842	1.603769764513	0.262526678688	
0.842105263158	1.157894736842	1.609769764513	0.262510439693	
0.842105263158	1.157894736842	1.615769764513	0.262500977076	
0.842105263158	1.157894736842	1.621769764513	0.262496500588	
0.842105263158	1.157894736842	1.627769764513	0.262497121653	
0.842105263158	1.157894736842	1.633769764513	0.262501932463	
0.842105263158	1.157894736842	1.639769764513	0.262511398138	
0.842105263158	1.157894736842	1.645769764513	0.262525267269	
0.842105263158	1.157894736842	1.651769764513	0.262543042113	
0.842105263158	1.263157894737	1.654173469005	0.246322466927	
0.842105263158	1.263157894737	1.660173469005	0.246290076838	
0.842105263158	1.263157894737	1.666173469005	0.246271768864	
0.842105263158	1.263157894737	1.672173469005	0.246262196484	
0.842105263158	1.263157894737	1.678173469005	0.246259687880	
0.842105263158	1.263157894737	1.684173469005	0.246264374042	
0.842105263158	1.263157894737	1.690173469005	0.246275957875	
0.842105263158	1.263157894737	1.696173469005	0.246294349660	
0.842105263158	1.263157894737	1.702173469005	0.246319828997	
0.842105263158	1.368421052632	1.725547614407	0.231779959960	
0.842105263158	1.368421052632	1.731547614407	0.231696090259	
0.842105263158	1.368421052632	1.737547614407	0.231634280258	
0.842105263158	1.368421052632	1.743547614407	0.231599678165	
0.842105263158	1.368421052632	1.749547614407	0.231582700924	
0.842105263158	1.368421052632	1.755547614407	0.231580227229	
0.842105263158	1.368421052632	1.761547614407	0.231591053126	
0.842105263158	1.368421052632	1.767547614407	0.231615273944	
0.842105263158	1.368421052632	1.773547614407	0.231651095838	
0.842105263158	1.473684210526	1.813967586571	0.218593168438	
0.842105263158	1.473684210526	1.819967586571	0.218536303267	
0.842105263158	1.473684210526	1.825967586571	0.218487754899	
0.842105263158	1.473684210526	1.831967586571	0.218446821108	
0.842105263158	1.473684210526	1.837967586571	0.218412648839	
0.842105263158	1.473684210526	1.843967586571	0.218404081994	
0.842105263158	1.473684210526	1.849967586571	0.218417846444	
0.842105263158	1.473684210526	1.855967586571	0.218446998134	
0.842105263158	1.473684210526	1.861967586571	0.218489118318	
0.842105263158	1.578947368421	1.914202547512	0.206624058091	
0.842105263158	1.578947368421	1.920202547512	0.206601578558	
0.842105263158	1.578947368421	1.926202547512	0.206586384833	
0.842105263158	1.578947368421	1.932202547512	0.206578437702	
0.842105263158	1.578947368421	1.938202547512	0.206577477235	
0.842105263158	1.578947368421	1.944202547512	0.206583292214	
0.842105263158	1.578947368421	1.950202547512	0.206616326271	
0.842105263158	1.578947368421	1.956202547512	0.206668043433	
0.842105263158	1.578947368421	1.962202547512	0.206733552914	
0.842105263158	1.684210526316	2.000000000000	0.195865719358	
0.842105263158	1.789473684211	2.000000000000	0.186816557398	
0.842105263158	1.894736842105	2.000000000000	0.183447011565	
0.842105263158	2.000000000000	2.000000000000	0.189595306109	
0.947368421052	0.000000000000	2.000000000000	0.492500704814	
0.947368421052	0.105263157895	2.000000000000	0.471766021503	
0.947368421052	0.210526315789	2.000000000000	0.451269020116	
0.947368421052	0.315789473684	2.000000000000	0.431017835834	
0.947368421052	0.421052631579	2.000000000000	0.410983759282	
0.947368421052	0.526315789474	2.000000000000	0.391232820614	
0.947368421052	0.631578947368	2.000000000000	0.371777140172	
0.947368421052	0.736842105263	1.876597889557	0.352511611456	
0.947368421052	0.736842105263	1.882597889557	0.352505003727	
0.947368421052	0.736842105263	1.888597889557	0.352500678915	
0.947368421052	0.736842105263	1.894597889557	0.352498397810	
0.947368421052	0.736842105263	1.900597889557	0.352498055886	
0.947368421052	0.736842105263	1.906597889557	0.352498189350	
0.947368421052	0.736842105263	1.912597889557	0.352500495689	
0.947368421052	0.736842105263	1.918597889557	0.352503051170	
0.947368421052	0.736842105263	1.924597889557	0.352507575224	
0.947368421052	0.842105263158	1.849159627838	0.333288950978	
0.947368421052	0.842105263158	1.855159627838	0.333277992184	
0.947368421052	0.842105263158	1.861159627838	0.333270388097	
0.947368421052	0.842105263158	1.867159627838	0.333264855946	
0.947368421052	0.842105263158	1.873159627838	0.333262928086	
0.947368421052	0.842105263158	1.879159627838	0.333263846838	
0.947368421052	0.842105263158	1.885159627838	0.333267114398	
0.947368421052	0.842105263158	1.891159627838	0.333273134418	
0.947368421052	0.842105263158	1.897159627838	0.333283169133	
0.947368421052	0.947368421053	1.850157111539	0.315117530854	
0.947368421052	0.947368421053	1.856157111539	0.315106294896	
0.947368421052	0.947368421053	1.862157111539	0.315098287027	
0.947368421052	0.947368421053	1.868157111539	0.315092567681	
0.947368421052	0.947368421053	1.874157111539	0.315088708445	
0.947368421052	0.947368421053	1.880157111539	0.315088799225	
0.947368421052	0.947368421053	1.886157111539	0.315090000495	
0.947368421052	0.947368421053	1.892157111539	0.315094883783	
0.947368421052	0.947368421053	1.898157111539	0.315102343382	
0.947368421052	1.052631578947	1.823996315010	0.297797008462	
0.947368421052	1.052631578947	1.829996315010	0.297790486150	
0.947368421052	1.052631578947	1.835996315010	0.297785190840	
0.947368421052	1.052631578947	1.841996315010	0.297782326472	
0.947368421052	1.052631578947	1.847996315010	0.297782350188	
0.947368421052	1.052631578947	1.853996315010	0.297782853244	
0.947368421052	1.052631578947	1.859996315010	0.297787240674	
0.947368421052	1.052631578947	1.865996315010	0.297793298111	
0.947368421052	1.052631578947	1.871996315010	0.297801467850	
0.947368421052	1.157894736842	1.772401107256	0.281067370956	
0.947368421052	1.157894736842	1.778401107256	0.281057910354	
0.947368421052	1.157894736842	1.784401107256	0.281051040461	
0.947368421052	1.157894736842	1.790401107256	0.281047235015	
0.947368421052	1.157894736842	1.796401107256	0.281045177407	
0.947368421052	1.157894736842	1.802401107256	0.281046503549	
0.947368421052	1.157894736842	1.808401107256	0.281049525993	
0.947368421052	1.157894736842	1.814401107256	0.281054999473	
0.947368421052	1.157894736842	1.820401107256	0.281062974082	
0.947368421052	1.263157894737	1.766561539855	0.265048536381	
0.947368421052	1.263157894737	1.772561539855	0.265032308175	
0.947368421052	1.263157894737	1.778561539855	0.265019634722	
0.947368421052	1.263157894737	1.784561539855	0.265011878690	
0.947368421052	1.263157894737	1.790561539855	0.265008097869	
0.947368421052	1.263157894737	1.796561539855	0.265007645926	
0.947368421052	1.263157894737	1.802561539855	0.265010977238	
0.947368421052	1.263157894737	1.808561539855	0.265017921154	
0.947368421052	1.263157894737	1.814561539855	0.265027936875	
0.947368421052	1.368421052632	1.816305124731	0.250093111752	
0.947368421052	1.368421052632	1.822305124731	0.250073538396	
0.947368421052	1.368421052632	1.828305124731	0.250060132767	
0.947368421052	1.368421052632	1.834305124731	0.250053147792	
0.947368421052	1.368421052632	1.840305124731	0.250052022193	
0.947368421052	1.368421052632	1.846305124731	0.250056604612	
0.947368421052	1.368421052632	1.852305124731	0.250067639952	
0.947368421052	1.368421052632	1.858305124731	0.250085245646	
0.947368421052	1.368421052632	1.864305124731	0.250108337932	
0.947368421052	1.473684210526	1.878433417403	0.236424644732	
0.947368421052	1.473684210526	1.884433417403	0.236394269714	
0.947368421052	1.473684210526	1.890433417403	0.236373995504	
0.947368421052	1.473684210526	1.896433417403	0.236362276563	
0.947368421052	1.473684210526	1.902433417403	0.236358154573	
0.947368421052	1.473684210526	1.908433417403	0.236361456417	
0.947368421052	1.473684210526	1.914433417403	0.236371898047	
0.947368421052	1.473684210526	1.920433417403	0.236388895343	
0.947368421052	1.473684210526	1.926433417403	0.236412379346	
0.947368421052	1.578947368421	1.958036000000	0.224037534292	
0.947368421052	1.578947368421	1.964036000000	0.223983832743	
0.947368421052	1.578947368421	1.970036000000	0.223935300282	
0.947368421052	1.578947368421	1.976036000000	0.223894527084	
0.947368421052	1.578947368421	1.982036000000	0.223879092335	
0.947368421052	1.578947368421	1.988036000000	0.223884733183	
0.947368421052	1.578947368421	1.994036000000	0.223900507186	
0.947368421052	1.578947368421	2.000036000000	0.223924636114	
0.947368421052	1.578947368421	2.006036000000	0.223955812308	
0.947368421052	1.684210526316	2.000000000000	0.213116060640	
0.947368421052	1.789473684211	2.000000000000	0.204252052060	
0.947368421052	1.894736842105	2.000000000000	0.200854353482	
0.947368421052	2.000000000000	2.000000000000	0.206595929361	
1.052631578946	0.000000000000	2.000000000000	0.502019575268	
1.052631578946	0.105263157895	2.000000000000	0.481677325028	
1.052631578946	0.210526315789	2.000000000000	0.461566883765	
1.052631578946	0.315789473684	2.000000000000	0.441656917617	
1.052631578946	0.421052631579	2.000000000000	0.421977084961	
1.052631578946	0.526315789474	2.000000000000	0.402565329802	
1.052631578946	0.631578947368	2.000000000000	0.383488420955	
1.052631578946	0.736842105263	2.000000000000	0.364754025736	
1.052631578946	0.842105263158	2.000000000000	0.346522661183	
1.052631578946	0.947368421053	2.000000000000	0.329254218874	
1.052631578946	1.052631578947	2.000000000000	0.312827697283	
1.052631578946	1.157894736842	2.000000000000	0.297018557186	
1.052631578946	1.263157894737	1.947212693552	0.281764026619	
1.052631578946	1.263157894737	1.953212693552	0.281755321326	
1.052631578946	1.263157894737	1.959212693552	0.281749612154	
1.052631578946	1.263157894737	1.965212693552	0.281744974508	
1.052631578946	1.263157894737	1.971212693552	0.281743501335	
1.052631578946	1.263157894737	1.977212693552	0.281743733204	
1.052631578946	1.263157894737	1.983212693552	0.281745133680	
1.052631578946	1.263157894737	1.989212693552	0.281749349087	
1.052631578946	1.263157894737	1.995212693552	0.281754512911	
1.052631578946	1.368421052632	1.944148547666	0.267081178205	
1.052631578946	1.368421052632	1.950148547666	0.267071485893	
1.052631578946	1.368421052632	1.956148547666	0.267065293272	
1.052631578946	1.368421052632	1.962148547666	0.267061452480	
1.052631578946	1.368421052632	1.968148547666	0.267060794751	
1.052631578946	1.368421052632	1.974148547666	0.267062827208	
1.052631578946	1.368421052632	1.980148547666	0.267068428636	
1.052631578946	1.368421052632	1.986148547666	0.267075531540	
1.052631578946	1.368421052632	1.992148547666	0.267084620023	
1.052631578946	1.473684210526	2.000000000000	0.253223952782	
1.052631578946	1.578947368421	2.000000000000	0.240700758466	
1.052631578946	1.684210526316	2.000000000000	0.230270933282	
1.052631578946	1.789473684211	2.000000000000	0.221568659554	
1.052631578946	1.894736842105	2.000000000000	0.218154616173	
1.052631578946	2.000000000000	2.000000000000	0.223591516467	
1.157894736840	0.000000000000	2.000000000000	0.512298787423	
1.157894736840	0.105263157895	2.000000000000	0.492272845243	
1.157894736840	0.210526315789	2.000000000000	0.472454152606	
1.157894736840	0.315789473684	2.000000000000	0.452829396473	
1.157894736840	0.421052631579	2.000000000000	0.433464230247	
1.157894736840	0.526315789474	2.000000000000	0.414407857150	
1.157894736840	0.631578947368	2.000000000000	0.395670176704	
1.157894736840	0.736842105263	2.000000000000	0.377353873267	
1.157894736840	0.842105263158	2.000000000000	0.360045983539	
1.157894736840	0.947368421053	2.000000000000	0.343514300720	
1.157894736840	1.052631578947	2.000000000000	0.327580050069	
1.157894736840	1.157894736842	2.000000000000	0.312148119260	
1.157894736840	1.263157894737	2.000000000000	0.297199800247	
1.157894736840	1.368421052632	2.000000000000	0.282865090796	
1.157894736840	1.473684210526	2.000000000000	0.269454115659	
1.157894736840	1.578947368421	2.000000000000	0.257492939829	
1.157894736840	1.684210526316	2.000000000000	0.247355881809	
1.157894736840	1.789473684211	2.000000000000	0.238831236800	
1.157894736840	1.894736842105	2.000000000000	0.235462395351	
1.157894736840	2.000000000000	2.000000000000	0.240750525224	
