############################################################################################################
# Minimums of wetness found for the following parameters:
# Body = RunningMan.in, vmax = 2 vfall
# dx = 0.001 m, nstep = 50
# nfit = 9, dv = 0.006 vfall
# Columns:
# vcross (vfall)	vtail (vfall)	vopt (vfall)	vopt_std (vfall)	Rmin (m^2)	Rmin_std (m^2)
############################################################################################################
0.421052631579	0.000000000000	2.000000000000	0.000000000000	0.459284656919	0.000000000000
0.421052631579	0.105263157895	2.000000000000	0.000000000000	0.437242211789	0.000000000000
0.421052631579	0.210526315789	1.762420441282	0.001965434874	0.415080811201	0.000000249786
0.421052631579	0.315789473684	1.182408280453	0.000252359210	0.383231812379	0.000000297119
0.421052631579	0.421052631579	0.970834114055	0.000158846603	0.347441456875	0.000000751727
0.421052631579	0.526315789474	0.954532217573	0.000179718404	0.311183800704	0.000001603438
0.421052631579	0.631578947368	0.975381297623	0.000092148939	0.278972713746	0.000000842911
0.421052631579	0.736842105263	1.020168914781	0.000306445455	0.250943998459	0.000004383575
0.421052631579	0.842105263158	1.096355851983	0.000137293842	0.227112705990	0.000002967225
0.421052631579	0.947368421053	1.182830882887	0.000069861384	0.207048076631	0.000001542535
0.421052631579	1.052631578947	1.272851813006	0.000024415941	0.190024894208	0.000000485338
0.421052631579	1.157894736842	1.364652728098	0.000029129662	0.175441452736	0.000000463787
0.421052631579	1.263157894737	1.457727777895	0.000027381503	0.162825597378	0.000000397330
0.421052631579	1.368421052632	1.552202837793	0.000043034878	0.151820366191	0.000000539469
0.421052631579	1.473684210526	1.648099562577	0.000055887664	0.142150287508	0.000000775659
0.421052631579	1.578947368421	1.746208780412	0.001363587754	0.133569034664	0.000024447734
0.421052631579	1.684210526316	1.846782793430	0.002049699403	0.125891466776	0.000067299865
0.421052631579	1.789473684211	1.948917425361	0.001818973470	0.119054073120	0.000075386951
0.421052631579	1.894736842105	2.000000000000	0.000000000000	0.116610320705	0.000000000000
0.421052631579	2.000000000000	2.000000000000	0.000000000000	0.125026903978	0.000000000000
0.526315789474	0.000000000000	2.000000000000	0.000000000000	0.464136696079	0.000000000000
0.526315789474	0.105263157895	2.000000000000	0.000000000000	0.442248403720	0.000000000000
0.526315789474	0.210526315789	2.000000000000	0.000000000000	0.420471343139	0.000000000000
0.526315789474	0.315789473684	1.420682193540	0.000123304221	0.394985658833	0.000000169588
0.526315789474	0.421052631579	1.223969376998	0.000090411976	0.364457395228	0.000000238915
0.526315789474	0.526315789474	1.136352693297	0.000087554898	0.333166989725	0.000000393458
0.526315789474	0.631578947368	1.125762287744	0.000102283517	0.303415247341	0.000000687303
0.526315789474	0.736842105263	1.151930264520	0.000044176041	0.276643241466	0.000000233218
0.526315789474	0.842105263158	1.176628938789	0.000279673920	0.252671681738	0.000001917623
0.526315789474	0.947368421053	1.237740188985	0.000248240983	0.231519998537	0.000002725092
0.526315789474	1.052631578947	1.308385401500	0.000296566898	0.213164853450	0.000001763449
0.526315789474	1.157894736842	1.379951755599	0.000105739482	0.197077886049	0.000000917426
0.526315789474	1.263157894737	1.462439580804	0.000236648747	0.182988787726	0.000002334872
0.526315789474	1.368421052632	1.551888445256	0.000154227874	0.170633163162	0.000001890945
0.526315789474	1.473684210526	1.645171817450	0.000203860052	0.159745014740	0.000002360840
0.526315789474	1.578947368421	1.744060368850	0.001509483172	0.150080036860	0.000035449427
0.526315789474	1.684210526316	1.845787614126	0.002136204125	0.141474858480	0.000078119430
0.526315789474	1.789473684211	1.948070800951	0.001765365012	0.133750746844	0.000091069575
0.526315789474	1.894736842105	2.000000000000	0.000000000000	0.131022471739	0.000000000000
0.526315789474	2.000000000000	2.000000000000	0.000000000000	0.139731166532	0.000000000000
0.631578947368	0.000000000000	2.000000000000	0.000000000000	0.470138086170	0.000000000000
0.631578947368	0.105263157895	2.000000000000	0.000000000000	0.448358651541	0.000000000000
0.631578947368	0.210526315789	2.000000000000	0.000000000000	0.426581103911	0.000000000000
0.631578947368	0.315789473684	1.820964987213	0.000610524209	0.404613459575	0.000000181121
0.631578947368	0.421052631579	1.542953210667	0.000131342872	0.379437448689	0.000000214486
0.631578947368	0.526315789474	1.383949486281	0.000116745345	0.353151294683	0.000000165948
0.631578947368	0.631578947368	1.301173995732	0.000171965368	0.326069921461	0.000000929101
0.631578947368	0.736842105263	1.318025465796	0.000061401235	0.300958431915	0.000000231784
0.631578947368	0.842105263158	1.310454762736	0.000055975977	0.277802322363	0.000000187315
0.631578947368	0.947368421053	1.314989944217	0.000255385279	0.256320955242	0.000001511749
0.631578947368	1.052631578947	1.376133472035	0.000373132769	0.236984077313	0.000003110834
0.631578947368	1.157894736842	1.453985868965	0.000381658920	0.219993525398	0.000003116822
0.631578947368	1.263157894737	1.530190625784	0.000058316168	0.205002817696	0.000000380365
0.631578947368	1.368421052632	1.611618509562	0.000008941993	0.191711879041	0.000000070558
0.631578947368	1.473684210526	1.694884590834	0.000021648032	0.179882269451	0.000000156320
0.631578947368	1.578947368421	1.779696472590	0.000036550543	0.169304290132	0.000000243277
0.631578947368	1.684210526316	1.865543583086	0.000021388014	0.159801707483	0.000000128351
0.631578947368	1.789473684211	1.953435362907	0.000111876520	0.151226968650	0.000000668714
0.631578947368	1.894736842105	2.000000000000	0.000000000000	0.147689484058	0.000000000000
0.631578947368	2.000000000000	2.000000000000	0.000000000000	0.155700932742	0.000000000000
0.736842105263	0.000000000000	2.000000000000	0.000000000000	0.476595050466	0.000000000000
0.736842105263	0.105263157895	2.000000000000	0.000000000000	0.454939036616	0.000000000000
0.736842105263	0.210526315789	2.000000000000	0.000000000000	0.433477219436	0.000000000000
0.736842105263	0.315789473684	2.000000000000	0.000000000000	0.412236363004	0.000000000000
0.736842105263	0.421052631579	1.885000840181	0.000135233310	0.391035829242	0.000000099335
0.736842105263	0.526315789474	1.690307077515	0.000093121158	0.368553273071	0.000000099039
0.736842105263	0.631578947368	1.502786847786	0.000112415006	0.345010037435	0.000000187193
0.736842105263	0.736842105263	1.500954702650	0.000127285824	0.321528779151	0.000000358848
0.736842105263	0.842105263158	1.483527868400	0.000038299845	0.299632070601	0.000000099538
0.736842105263	0.947368421053	1.455286184450	0.000115473842	0.278932188386	0.000000267565
0.736842105263	1.052631578947	1.465933097688	0.000228258421	0.259474008781	0.000000964709
0.736842105263	1.157894736842	1.524721313828	0.000050543381	0.241790679845	0.000000393155
0.736842105263	1.263157894737	1.602879691985	0.000225068189	0.226030061838	0.000002117123
0.736842105263	1.368421052632	1.688911208788	0.000086597333	0.212014698955	0.000000864590
0.736842105263	1.473684210526	1.778905553877	0.000158820283	0.199520261883	0.000001737708
0.736842105263	1.578947368421	1.868428812210	0.000493730635	0.188333808598	0.000003562725
0.736842105263	1.684210526316	1.952184725336	0.000054442878	0.178247506035	0.000000197554
0.736842105263	1.789473684211	2.000000000000	0.000000000000	0.169165760813	0.000000000000
0.736842105263	1.894736842105	2.000000000000	0.000000000000	0.165705846903	0.000000000000
0.736842105263	2.000000000000	2.000000000000	0.000000000000	0.172481454363	0.000000000000
