0 2 0.45371568208 
0.0408163265306 2 0.445318316149 
0.0816326530612 2 0.436810121639 
0.122448979592 2 0.428320811088 
0.163265306122 1.97 0.419996023322 
0.163265306122 1.976 0.419995838546 
0.163265306122 1.982 0.419902727615 
0.163265306122 1.988 0.419890915515 
0.163265306122 1.994 0.419890321657 
0.163265306122 2 0.419933694793 
0.163265306122 2.006 0.419917262433 
0.163265306122 2.012 0.419842861323 
0.163265306122 2.018 0.41983493561 
0.204081632653 1.82976286562 0.411461498328 
0.204081632653 1.83576286562 0.411442277341 
0.204081632653 1.84176286562 0.411396246287 
0.204081632653 1.84776286562 0.411414738184 
0.204081632653 1.85376286562 0.41139718853 
0.204081632653 1.85976286562 0.411426255948 
0.204081632653 1.86576286562 0.411382643944 
0.204081632653 1.87176286562 0.411424933381 
0.204081632653 1.87776286562 0.411462581714 
0.244897959184 1.04575898147 0.399834736149 
0.244897959184 1.05175898147 0.39988382287 
0.244897959184 1.05775898147 0.399846572774 
0.244897959184 1.06375898147 0.399913798217 
0.244897959184 1.06975898147 0.399828225143 
0.244897959184 1.07575898147 0.399832163945 
0.244897959184 1.08175898147 0.399879986445 
0.244897959184 1.08775898147 0.399870118299 
0.244897959184 1.09375898147 0.399776515524 
0.285714285714 0.796132447044 0.381599119872 
0.285714285714 0.802132447044 0.381559742998 
0.285714285714 0.808132447044 0.381419594342 
0.285714285714 0.814132447044 0.381424125299 
0.285714285714 0.820132447044 0.381335331579 
0.285714285714 0.826132447044 0.381505644433 
0.285714285714 0.832132447044 0.381490710109 
0.285714285714 0.838132447044 0.381517260822 
0.285714285714 0.844132447044 0.381577953825 
0.326530612245 0.805313236369 0.36320835452 
0.326530612245 0.811313236369 0.36310966777 
0.326530612245 0.817313236369 0.362968189205 
0.326530612245 0.823313236369 0.363018084227 
0.326530612245 0.829313236369 0.363055760387 
0.326530612245 0.835313236369 0.36299101228 
0.326530612245 0.841313236369 0.363047810183 
0.326530612245 0.847313236369 0.363075496786 
0.326530612245 0.853313236369 0.36314417423 
0.367346938776 0.805838766343 0.345879805647 
0.367346938776 0.811838766343 0.345824215575 
0.367346938776 0.817838766343 0.345728338058 
0.367346938776 0.823838766343 0.345679766893 
0.367346938776 0.829838766343 0.345569404925 
0.367346938776 0.835838766343 0.345573351608 
0.367346938776 0.841838766343 0.345632785864 
0.367346938776 0.847838766343 0.345700675562 
0.367346938776 0.853838766343 0.345757680585 
0.408163265306 0.816656305537 0.329426807469 
0.408163265306 0.822656305537 0.329389371872 
0.408163265306 0.828656305537 0.329362968151 
0.408163265306 0.834656305537 0.329266591237 
0.408163265306 0.840656305537 0.329224795927 
0.408163265306 0.846656305537 0.329291056615 
0.408163265306 0.852656305537 0.329260278988 
0.408163265306 0.858656305537 0.329290885461 
0.408163265306 0.864656305537 0.329386031486 
0.448979591837 0.831058104184 0.313830182477 
0.448979591837 0.837058104184 0.313808807133 
0.448979591837 0.843058104184 0.313674650451 
0.448979591837 0.849058104184 0.31373453676 
0.448979591837 0.855058104184 0.313715885078 
0.448979591837 0.861058104184 0.313732979002 
0.448979591837 0.867058104184 0.313784854754 
0.448979591837 0.873058104184 0.313918119061 
0.448979591837 0.879058104184 0.313955309497 
0.489795918367 0.828981890486 0.299255321545 
0.489795918367 0.834981890486 0.299246118674 
0.489795918367 0.840981890486 0.299138782969 
0.489795918367 0.846981890486 0.29904083673 
0.489795918367 0.852981890486 0.299057303467 
0.489795918367 0.858981890486 0.299117967963 
0.489795918367 0.864981890486 0.299093529318 
0.489795918367 0.870981890486 0.299118827591 
0.489795918367 0.876981890486 0.299169604841 
0.530612244898 0.84926214963 0.285349038274 
0.530612244898 0.85526214963 0.285244019515 
0.530612244898 0.86126214963 0.285278564732 
0.530612244898 0.86726214963 0.285224431652 
0.530612244898 0.87326214963 0.28522406337 
0.530612244898 0.87926214963 0.285256404397 
0.530612244898 0.88526214963 0.285360827565 
0.530612244898 0.89126214963 0.285402440569 
0.530612244898 0.89726214963 0.285488035755 
0.571428571429 0.848118432211 0.272344604517 
0.571428571429 0.854118432211 0.272226512354 
0.571428571429 0.860118432211 0.27216040913 
0.571428571429 0.866118432211 0.272201848998 
0.571428571429 0.872118432211 0.272116036854 
0.571428571429 0.878118432211 0.272118710528 
0.571428571429 0.884118432211 0.272177160855 
0.571428571429 0.890118432211 0.272208565994 
0.571428571429 0.896118432211 0.272257210166 
0.612244897959 0.867581161506 0.259964488442 
0.612244897959 0.873581161506 0.259889696726 
0.612244897959 0.879581161506 0.259849816392 
0.612244897959 0.885581161506 0.259833001984 
0.612244897959 0.891581161506 0.259824170487 
0.612244897959 0.897581161506 0.259837526216 
0.612244897959 0.903581161506 0.2599100399 
0.612244897959 0.909581161506 0.259949277464 
0.612244897959 0.915581161506 0.259984228886 
0.65306122449 0.880675520221 0.248502404871 
0.65306122449 0.886675520221 0.248384786883 
0.65306122449 0.892675520221 0.24835259662 
0.65306122449 0.898675520221 0.248277563548 
0.65306122449 0.904675520221 0.248292603925 
0.65306122449 0.910675520221 0.248310178807 
0.65306122449 0.916675520221 0.248356404235 
0.65306122449 0.922675520221 0.248383363086 
0.65306122449 0.928675520221 0.248373556794 
0.69387755102 0.907199979811 0.237542610338 
0.69387755102 0.913199979811 0.237554690735 
0.69387755102 0.919199979811 0.237435329049 
0.69387755102 0.925199979811 0.237438743662 
0.69387755102 0.931199979811 0.237445599053 
0.69387755102 0.937199979811 0.23749532229 
0.69387755102 0.943199979811 0.237572597993 
0.69387755102 0.949199979811 0.237625502479 
0.69387755102 0.955199979811 0.237636479543 
0.734693877551 0.923903847323 0.227403747002 
0.734693877551 0.929903847323 0.227380947726 
0.734693877551 0.935903847323 0.227369014391 
0.734693877551 0.941903847323 0.227307900267 
0.734693877551 0.947903847323 0.227319548306 
0.734693877551 0.953903847323 0.227326878254 
0.734693877551 0.959903847323 0.227362681177 
0.734693877551 0.965903847323 0.227417496174 
0.734693877551 0.971903847323 0.227523586512 
0.775510204082 0.949308489726 0.217930742369 
0.775510204082 0.955308489726 0.217846851268 
0.775510204082 0.961308489726 0.217825459538 
0.775510204082 0.967308489726 0.217795572268 
0.775510204082 0.973308489726 0.217803880525 
0.775510204082 0.979308489726 0.21784895033 
0.775510204082 0.985308489726 0.217913230966 
0.775510204082 0.991308489726 0.217944015799 
0.775510204082 0.997308489726 0.218025115672 
0.816326530612 0.970308552524 0.209157781341 
0.816326530612 0.976308552524 0.209070549929 
0.816326530612 0.982308552524 0.209015193878 
0.816326530612 0.988308552524 0.208948202152 
0.816326530612 0.994308552524 0.208912788431 
0.816326530612 1.00030855252 0.208941249937 
0.816326530612 1.00630855252 0.208983971531 
0.816326530612 1.01230855252 0.209016714091 
0.816326530612 1.01830855252 0.209121131166 
0.857142857143 1.00088982106 0.200856420496 
0.857142857143 1.00688982106 0.200783110733 
0.857142857143 1.01288982106 0.200704506429 
0.857142857143 1.01888982106 0.200652520145 
0.857142857143 1.02488982106 0.200643592675 
0.857142857143 1.03088982106 0.20067441218 
0.857142857143 1.03688982106 0.200671269994 
0.857142857143 1.04288982106 0.200753949493 
0.857142857143 1.04888982106 0.200862647776 
0.897959183673 1.03027262042 0.19309769987 
0.897959183673 1.03627262042 0.193027206768 
0.897959183673 1.04227262042 0.192949966418 
0.897959183673 1.04827262042 0.192951309619 
0.897959183673 1.05427262042 0.19292935047 
0.897959183673 1.06027262042 0.192969915858 
0.897959183673 1.06627262042 0.192951374107 
0.897959183673 1.07227262042 0.193030153335 
0.897959183673 1.07827262042 0.193112775226 
0.938775510204 1.06030533115 0.185866236344 
0.938775510204 1.06630533115 0.185813513857 
0.938775510204 1.07230533115 0.18577051818 
0.938775510204 1.07830533115 0.185698938983 
0.938775510204 1.08430533115 0.185680494057 
0.938775510204 1.09030533115 0.185729606326 
0.938775510204 1.09630533115 0.185765482278 
0.938775510204 1.10230533115 0.185819895572 
0.938775510204 1.10830533115 0.185908916706 
0.979591836735 1.09137548925 0.17908575306 
0.979591836735 1.09737548925 0.17900204988 
0.979591836735 1.10337548925 0.178970152981 
0.979591836735 1.10937548925 0.17893771674 
0.979591836735 1.11537548925 0.178949148521 
0.979591836735 1.12137548925 0.178955602698 
0.979591836735 1.12737548925 0.178989407852 
0.979591836735 1.13337548925 0.179030753494 
0.979591836735 1.13937548925 0.179129768243 
1.02040816327 1.12453690853 0.172740074179 
1.02040816327 1.13053690853 0.17266799597 
1.02040816327 1.13653690853 0.172619382835 
1.02040816327 1.14253690853 0.172583503013 
1.02040816327 1.14853690853 0.172621841844 
1.02040816327 1.15453690853 0.172617126397 
1.02040816327 1.16053690853 0.1726444973 
1.02040816327 1.16653690853 0.172721889725 
1.02040816327 1.17253690853 0.172808389815 
1.0612244898 1.15778775523 0.166806653258 
1.0612244898 1.16378775523 0.166704233307 
1.0612244898 1.16978775523 0.166648053329 
1.0612244898 1.17578775523 0.166631113201 
1.0612244898 1.18178775523 0.166623216437 
1.0612244898 1.18778775523 0.166676664533 
1.0612244898 1.19378775523 0.166668387928 
1.0612244898 1.19978775523 0.166776635857 
1.0612244898 1.20578775523 0.166870047525 
1.10204081633 1.19167400393 0.161231872182 
1.10204081633 1.19767400393 0.161112122734 
1.10204081633 1.20367400393 0.161057472369 
1.10204081633 1.20967400393 0.161026567421 
1.10204081633 1.21567400393 0.161022595461 
1.10204081633 1.22167400393 0.161094495049 
1.10204081633 1.22767400393 0.16113032985 
1.10204081633 1.23367400393 0.161196042889 
1.10204081633 1.23967400393 0.161253205444 
1.14285714286 1.22200915559 0.156036290326 
1.14285714286 1.22800915559 0.15592135845 
1.14285714286 1.23400915559 0.15586165135 
1.14285714286 1.24000915559 0.155803462675 
1.14285714286 1.24600915559 0.155790657645 
1.14285714286 1.25200915559 0.155788869362 
1.14285714286 1.25800915559 0.15582222772 
1.14285714286 1.26400915559 0.155852457931 
1.14285714286 1.27000915559 0.15594926242 
1.18367346939 1.26038540608 0.151038364209 
1.18367346939 1.26638540608 0.150935553058 
1.18367346939 1.27238540608 0.150895836852 
1.18367346939 1.27838540608 0.150859976466 
1.18367346939 1.28438540608 0.150858559451 
1.18367346939 1.29038540608 0.150853173198 
1.18367346939 1.29638540608 0.15092295138 
1.18367346939 1.30238540608 0.150952760135 
1.18367346939 1.30838540608 0.151054717452 
1.22448979592 1.29516659651 0.146368116664 
1.22448979592 1.30116659651 0.146295801157 
1.22448979592 1.30716659651 0.146226046499 
1.22448979592 1.31316659651 0.146173252091 
1.22448979592 1.31916659651 0.14619022673 
1.22448979592 1.32516659651 0.146219328059 
1.22448979592 1.33116659651 0.14623223771 
1.22448979592 1.33716659651 0.146281319006 
1.22448979592 1.34316659651 0.146371781669 
1.26530612245 1.32724561357 0.141993053249 
1.26530612245 1.33324561357 0.141925986357 
1.26530612245 1.33924561357 0.141864737294 
1.26530612245 1.34524561357 0.141801319224 
1.26530612245 1.35124561357 0.141806616388 
1.26530612245 1.35724561357 0.141780069734 
1.26530612245 1.36324561357 0.141823585159 
1.26530612245 1.36924561357 0.141847019297 
1.26530612245 1.37524561357 0.141923767903 
1.30612244898 1.37058663247 0.137741133917 
1.30612244898 1.37658663247 0.137685911957 
1.30612244898 1.38258663247 0.137624029852 
1.30612244898 1.38858663247 0.137647985779 
1.30612244898 1.39458663247 0.137644021693 
1.30612244898 1.40058663247 0.137672724665 
1.30612244898 1.40658663247 0.137695857279 
1.30612244898 1.41258663247 0.137770049516 
1.30612244898 1.41858663247 0.13787653546 
1.34693877551 1.39843339368 0.133904050661 
1.34693877551 1.40443339368 0.133805057791 
1.34693877551 1.41043339368 0.13376858784 
1.34693877551 1.41643339368 0.133721068671 
1.34693877551 1.42243339368 0.133689077335 
1.34693877551 1.42843339368 0.133716983495 
1.34693877551 1.43443339368 0.133710851375 
1.34693877551 1.44043339368 0.133759911059 
1.34693877551 1.44643339368 0.133815122421 
1.38775510204 1.43157618457 0.130228386376 
1.38775510204 1.43757618457 0.130113507194 
1.38775510204 1.44357618457 0.130053251898 
1.38775510204 1.44957618457 0.129999286307 
1.38775510204 1.45557618457 0.129982405624 
1.38775510204 1.46157618457 0.129979879412 
1.38775510204 1.46757618457 0.129970408033 
1.38775510204 1.47357618457 0.130011342735 
1.38775510204 1.47957618457 0.130063802991 
1.42857142857 1.46863245407 0.126711351912 
1.42857142857 1.47463245407 0.126561605243 
1.42857142857 1.48063245407 0.126481169174 
1.42857142857 1.48663245407 0.126473181346 
1.42857142857 1.49263245407 0.126430447956 
1.42857142857 1.49863245407 0.12644774922 
1.42857142857 1.50463245407 0.126450319801 
1.42857142857 1.51063245407 0.126479022934 
1.42857142857 1.51663245407 0.126521268965 
1.4693877551 1.50782646883 0.123330699519 
1.4693877551 1.51382646883 0.123177049259 
1.4693877551 1.51982646883 0.123116134907 
1.4693877551 1.52582646883 0.12308067942 
1.4693877551 1.53182646883 0.123059819478 
1.4693877551 1.53782646883 0.123082034336 
1.4693877551 1.54382646883 0.123109533586 
1.4693877551 1.54982646883 0.123132295094 
1.4693877551 1.55582646883 0.123209621618 
1.51020408163 1.54760681342 0.120125581728 
1.51020408163 1.55360681342 0.119974112305 
1.51020408163 1.55960681342 0.119893186206 
1.51020408163 1.56560681342 0.11988927211 
1.51020408163 1.57160681342 0.119897616475 
1.51020408163 1.57760681342 0.119877759659 
1.51020408163 1.58360681342 0.119905009211 
1.51020408163 1.58960681342 0.119974244156 
1.51020408163 1.59560681342 0.120032269468 
1.55102040816 1.58699764398 0.117064499553 
1.55102040816 1.59299764398 0.116934293386 
1.55102040816 1.59899764398 0.116857310938 
1.55102040816 1.60499764398 0.11682765441 
1.55102040816 1.61099764398 0.11683456131 
1.55102040816 1.61699764398 0.11687276277 
1.55102040816 1.62299764398 0.116909699512 
1.55102040816 1.62899764398 0.116936412892 
1.55102040816 1.63499764398 0.117023929183 
1.59183673469 1.62382456086 0.114253231027 
1.59183673469 1.62982456086 0.114079816606 
1.59183673469 1.63582456086 0.113971283073 
1.59183673469 1.64182456086 0.113910891512 
1.59183673469 1.64782456086 0.113929321688 
1.59183673469 1.65382456086 0.113950431175 
1.59183673469 1.65982456086 0.114002601396 
1.59183673469 1.66582456086 0.114046087446 
1.59183673469 1.67182456086 0.114115723831 
1.63265306122 1.65956861165 0.111590426996 
1.63265306122 1.66556861165 0.111404252858 
1.63265306122 1.67156861165 0.111274011133 
1.63265306122 1.67756861165 0.111192480972 
1.63265306122 1.68356861165 0.111165736263 
1.63265306122 1.68956861165 0.111191956057 
1.63265306122 1.69556861165 0.111218025411 
1.63265306122 1.70156861165 0.111270543583 
1.63265306122 1.70756861165 0.111331589575 
1.67346938776 1.69778365008 0.109005061205 
1.67346938776 1.70378365008 0.108818846629 
1.67346938776 1.70978365008 0.108658513913 
1.67346938776 1.71578365008 0.108560426185 
1.67346938776 1.72178365008 0.108537605658 
1.67346938776 1.72778365008 0.108553473666 
1.67346938776 1.73378365008 0.10860878151 
1.67346938776 1.73978365008 0.108641202238 
1.67346938776 1.74578365008 0.108692340566 
1.71428571429 1.73744123552 0.106478491878 
1.71428571429 1.74344123552 0.106315312797 
1.71428571429 1.74944123552 0.106174027173 
1.71428571429 1.75544123552 0.106052206542 
1.71428571429 1.76144123552 0.1060122132 
1.71428571429 1.76744123552 0.10603816048 
1.71428571429 1.77344123552 0.106078012971 
1.71428571429 1.77944123552 0.106126854279 
1.71428571429 1.78544123552 0.106209153197 
1.75510204082 1.77973528771 0.103976796837 
1.75510204082 1.78573528771 0.103844581317 
1.75510204082 1.79173528771 0.103726227503 
1.75510204082 1.79773528771 0.103637521872 
1.75510204082 1.80373528771 0.103636727923 
1.75510204082 1.80973528771 0.103652021956 
1.75510204082 1.81573528771 0.103712907259 
1.75510204082 1.82173528771 0.103756487615 
1.75510204082 1.82773528771 0.103860220869 
1.79591836735 1.81961541195 0.101686098972 
1.79591836735 1.82561541195 0.101530532714 
1.79591836735 1.83161541195 0.101412385879 
1.79591836735 1.83761541195 0.101344939989 
1.79591836735 1.84361541195 0.101338537699 
1.79591836735 1.84961541195 0.101374302331 
1.79591836735 1.85561541195 0.101430624 
1.79591836735 1.86161541195 0.101497432575 
1.79591836735 1.86761541195 0.101570926908 
1.83673469388 1.85824656508 0.0995115130014 
1.83673469388 1.86424656508 0.0993633395207 
1.83673469388 1.87024656508 0.0992327033492 
1.83673469388 1.87624656508 0.0991663799789 
1.83673469388 1.88224656508 0.0991205307378 
1.83673469388 1.88824656508 0.0991666911454 
1.83673469388 1.89424656508 0.0992184876225 
1.83673469388 1.90024656508 0.099280960645 
1.83673469388 1.90624656508 0.0993763951463 
1.87755102041 1.89979433072 0.0973459967138 
1.87755102041 1.90579433072 0.0972166644931 
1.87755102041 1.91179433072 0.097115897093 
1.87755102041 1.91779433072 0.0970408165793 
1.87755102041 1.92379433072 0.0970206948372 
1.87755102041 1.92979433072 0.097058019379 
1.87755102041 1.93579433072 0.0971082705911 
1.87755102041 1.94179433072 0.0972111678919 
1.87755102041 1.94779433072 0.0972841859589 
1.91836734694 1.93677854286 0.0953980303127 
1.91836734694 1.94277854286 0.0952559065353 
1.91836734694 1.94877854286 0.095143578 
1.91836734694 1.95477854286 0.0950594637518 
1.91836734694 1.96077854286 0.0950172660598 
1.91836734694 1.96677854286 0.0950167773435 
1.91836734694 1.97277854286 0.0950703207522 
1.91836734694 1.97877854286 0.0951605348238 
1.91836734694 1.98477854286 0.09522298088 
1.95918367347 2 0.0930929317652 
2 2 0.0921625973822 
