############################################################################################################
# Fit points used to estimate minimums of wetness found for the following parameters:
# Body = WalkingMan.in, vmax = 0.7 vfall
# dx = 0.005 m, nstep = 50
# nfit = 9, dv = 0.006 vfall
# Columns:
# vcross (vfall)	vtail (vfall)	vb (vfall)	Rb (m^2)
############################################################################################################
0.000000000000	0.844444444400	0.670000000000	0.378710215630	
0.000000000000	0.844444444400	0.676000000000	0.365993472483	
0.000000000000	0.844444444400	0.682000000000	0.330987759702	
0.000000000000	0.844444444400	0.688000000000	0.344763803513	
0.000000000000	0.844444444400	0.694000000000	0.312462490188	
0.000000000000	0.844444444400	0.700000000000	0.351336990464	
0.000000000000	0.844444444400	0.706000000000	0.353663471391	
0.000000000000	0.844444444400	0.712000000000	0.324813391430	
0.000000000000	0.844444444400	0.718000000000	0.332433741527	
0.000000000000	1.009523809486	0.651278940757	0.408149579851	
0.000000000000	1.009523809486	0.657278940757	0.446337566793	
0.000000000000	1.009523809486	0.663278940757	0.434506841696	
0.000000000000	1.009523809486	0.669278940757	0.377655633860	
0.000000000000	1.009523809486	0.675278940757	0.366084205394	
0.000000000000	1.009523809486	0.681278940757	0.385409809357	
0.000000000000	1.009523809486	0.687278940757	0.419844491170	
0.000000000000	1.009523809486	0.693278940757	0.410920470123	
0.000000000000	1.009523809486	0.699278940757	0.353356949643	
0.000000000000	1.174603174571	0.676000000000	0.458571189062	
0.000000000000	1.174603174571	0.682000000000	0.456863860266	
0.000000000000	1.174603174571	0.688000000000	0.452362177483	
0.000000000000	1.174603174571	0.694000000000	0.418764609363	
0.000000000000	1.174603174571	0.700000000000	0.431996915941	
0.000000000000	1.174603174571	0.706000000000	0.434129153218	
0.000000000000	1.174603174571	0.712000000000	0.405320599898	
0.000000000000	1.174603174571	0.718000000000	0.396593819954	
0.000000000000	1.174603174571	0.724000000000	0.405636293428	
0.000000000000	1.339682539657	0.670000000000	0.514444332227	
0.000000000000	1.339682539657	0.676000000000	0.512878913042	
0.000000000000	1.339682539657	0.682000000000	0.526154356813	
0.000000000000	1.339682539657	0.688000000000	0.523260927565	
0.000000000000	1.339682539657	0.694000000000	0.494534444386	
0.000000000000	1.339682539657	0.700000000000	0.462768964440	
0.000000000000	1.339682539657	0.706000000000	0.449198209007	
0.000000000000	1.339682539657	0.712000000000	0.475237082069	
0.000000000000	1.339682539657	0.718000000000	0.470326164326	
0.000000000000	1.504761904743	0.664000000000	0.594636787022	
0.000000000000	1.504761904743	0.670000000000	0.572095649345	
0.000000000000	1.504761904743	0.676000000000	0.551324090187	
0.000000000000	1.504761904743	0.682000000000	0.550680037315	
0.000000000000	1.504761904743	0.688000000000	0.539607132612	
0.000000000000	1.504761904743	0.694000000000	0.552887404457	
0.000000000000	1.504761904743	0.700000000000	0.555090848035	
0.000000000000	1.504761904743	0.706000000000	0.542817354251	
0.000000000000	1.504761904743	0.712000000000	0.534061987170	
0.000000000000	1.669841269829	0.700000000000	0.604308214275	
0.000000000000	1.669841269829	0.706000000000	0.624114710539	
0.000000000000	1.669841269829	0.712000000000	0.614779918072	
0.000000000000	1.669841269829	0.718000000000	0.585989149058	
0.000000000000	1.669841269829	0.724000000000	0.562221245174	
0.000000000000	1.669841269829	0.730000000000	0.551377825207	
0.000000000000	1.669841269829	0.736000000000	0.553126444558	
0.000000000000	1.669841269829	0.742000000000	0.552614333892	
0.000000000000	1.669841269829	0.748000000000	0.566070636277	
0.000000000000	1.834920634914	0.670000000000	0.740216598589	
0.000000000000	1.834920634914	0.676000000000	0.726012147472	
0.000000000000	1.834920634914	0.682000000000	0.685824602448	
0.000000000000	1.834920634914	0.688000000000	0.657936696172	
0.000000000000	1.834920634914	0.694000000000	0.677011515634	
0.000000000000	1.834920634914	0.700000000000	0.651640181716	
0.000000000000	1.834920634914	0.706000000000	0.677754044434	
0.000000000000	1.834920634914	0.712000000000	0.675952223054	
0.000000000000	1.834920634914	0.718000000000	0.686968072267	
0.000000000000	2.000000000000	0.670000000000	0.805059725988	
0.000000000000	2.000000000000	0.676000000000	0.760375828401	
0.000000000000	2.000000000000	0.682000000000	0.750240536528	
0.000000000000	2.000000000000	0.688000000000	0.741020896309	
0.000000000000	2.000000000000	0.694000000000	0.724410877638	
0.000000000000	2.000000000000	0.700000000000	0.735489359108	
0.000000000000	2.000000000000	0.706000000000	0.744013461891	
0.000000000000	2.000000000000	0.712000000000	0.787369929984	
0.000000000000	2.000000000000	0.718000000000	0.772575387359	
