############################################################################################################
# Fit points used to estimate minimums of wetness found for the following parameters:
# Body = WalkingMan.in, vmax = 0.7 vfall
# dx = 0.001 m, nstep = 50
# nfit = 9, dv = 0.006 vfall
# Columns:
# vcross (vfall)	vtail (vfall)	vb (vfall)	Rb (m^2)
############################################################################################################
0.300000000000	0.844444444400	0.670000000000	0.420839883456	
0.300000000000	0.844444444400	0.676000000000	0.401640733922	
0.300000000000	0.844444444400	0.682000000000	0.365404348648	
0.300000000000	0.844444444400	0.688000000000	0.390501050452	
0.300000000000	0.844444444400	0.694000000000	0.355505320363	
0.300000000000	0.844444444400	0.700000000000	0.393443457756	
0.300000000000	0.844444444400	0.706000000000	0.391746830812	
0.300000000000	0.844444444400	0.712000000000	0.373052935676	
0.300000000000	0.844444444400	0.718000000000	0.373705883858	
0.300000000000	1.009523809486	0.657278940757	0.487870511098	
0.300000000000	1.009523809486	0.663278940757	0.491730510751	
0.300000000000	1.009523809486	0.669278940757	0.442194485593	
0.300000000000	1.009523809486	0.675278940757	0.415886323727	
0.300000000000	1.009523809486	0.681278940757	0.435125444042	
0.300000000000	1.009523809486	0.687278940757	0.456021087299	
0.300000000000	1.009523809486	0.693278940757	0.444721738909	
0.300000000000	1.009523809486	0.699278940757	0.392055829821	
0.300000000000	1.009523809486	0.705278940757	0.408954057859	
0.300000000000	1.174603174571	0.670000000000	0.521478616338	
0.300000000000	1.174603174571	0.676000000000	0.506023831472	
0.300000000000	1.174603174571	0.682000000000	0.488278994530	
0.300000000000	1.174603174571	0.688000000000	0.487862754619	
0.300000000000	1.174603174571	0.694000000000	0.477414350033	
0.300000000000	1.174603174571	0.700000000000	0.486007351462	
0.300000000000	1.174603174571	0.706000000000	0.455182608292	
0.300000000000	1.174603174571	0.712000000000	0.459254645082	
0.300000000000	1.174603174571	0.718000000000	0.465771936949	
0.300000000000	1.339682539657	0.682000000000	0.552159859995	
0.300000000000	1.339682539657	0.688000000000	0.572318769794	
0.300000000000	1.339682539657	0.694000000000	0.545718314535	
0.300000000000	1.339682539657	0.700000000000	0.559974356343	
0.300000000000	1.339682539657	0.706000000000	0.508401847057	
0.300000000000	1.339682539657	0.712000000000	0.501915861811	
0.300000000000	1.339682539657	0.718000000000	0.519313806863	
0.300000000000	1.339682539657	0.724000000000	0.517483735845	
0.300000000000	1.339682539657	0.730000000000	0.497498636095	
0.300000000000	1.504761904743	0.670000000000	0.653630395854	
0.300000000000	1.504761904743	0.676000000000	0.636212222434	
0.300000000000	1.504761904743	0.682000000000	0.596144990164	
0.300000000000	1.504761904743	0.688000000000	0.574921236491	
0.300000000000	1.504761904743	0.694000000000	0.568288960741	
0.300000000000	1.504761904743	0.700000000000	0.586033862702	
0.300000000000	1.504761904743	0.706000000000	0.592433080052	
0.300000000000	1.504761904743	0.712000000000	0.593571760087	
0.300000000000	1.504761904743	0.718000000000	0.570715704168	
0.300000000000	1.669841269829	0.670000000000	0.714387114547	
0.300000000000	1.669841269829	0.676000000000	0.660824416999	
0.300000000000	1.669841269829	0.682000000000	0.640666939871	
0.300000000000	1.669841269829	0.688000000000	0.672340177019	
0.300000000000	1.669841269829	0.694000000000	0.634108546233	
0.300000000000	1.669841269829	0.700000000000	0.666672949770	
0.300000000000	1.669841269829	0.706000000000	0.659915847555	
0.300000000000	1.669841269829	0.712000000000	0.664132602203	
0.300000000000	1.669841269829	0.718000000000	0.653557326305	
0.300000000000	1.834920634914	0.700000000000	0.702944035049	
0.300000000000	2.000000000000	0.670000000000	0.890421582004	
0.300000000000	2.000000000000	0.676000000000	0.853983667989	
0.300000000000	2.000000000000	0.682000000000	0.843845612083	
0.300000000000	2.000000000000	0.688000000000	0.793004947552	
0.300000000000	2.000000000000	0.694000000000	0.811833678648	
0.300000000000	2.000000000000	0.700000000000	0.757058823670	
0.300000000000	2.000000000000	0.706000000000	0.771167752492	
0.300000000000	2.000000000000	0.712000000000	0.782724403308	
0.300000000000	2.000000000000	0.718000000000	0.782641571897	
