############################################################################################################
# Fit points used to estimate minimums of wetness found for the following parameters:
# Body = WalkingMan.in, vmax = 0.7 vfall
# dx = 0.001 m, nstep = 50
# nfit = 9, dv = 0.006 vfall
# Columns:
# vcross (vfall)	vtail (vfall)	vb (vfall)	Rb (m^2)
############################################################################################################
0.000000000000	0.000000000000	0.700000000000	0.610470305633	
0.000000000000	0.014285714286	0.700000000000	0.600904432385	
0.000000000000	0.028571428571	0.700000000000	0.591349068335	
0.000000000000	0.042857142857	0.700000000000	0.581808976272	
0.000000000000	0.057142857143	0.700000000000	0.572283782585	
0.000000000000	0.071428571429	0.700000000000	0.562768140551	
0.000000000000	0.085714285714	0.700000000000	0.553267533248	
0.000000000000	0.100000000000	0.700000000000	0.543777404636	
0.000000000000	0.114285714286	0.700000000000	0.534305424983	
0.000000000000	0.128571428571	0.700000000000	0.524843682502	
0.000000000000	0.142857142857	0.700000000000	0.515398363311	
0.000000000000	0.157142857143	0.700000000000	0.505969630089	
0.000000000000	0.171428571429	0.700000000000	0.496554805160	
0.000000000000	0.185714285714	0.700000000000	0.487154109117	
0.000000000000	0.200000000000	0.700000000000	0.477766002658	
0.000000000000	0.214285714286	0.700000000000	0.468397833655	
0.000000000000	0.228571428571	0.700000000000	0.459046751762	
0.000000000000	0.242857142857	0.561171149933	0.449063667742	
0.000000000000	0.242857142857	0.567171149933	0.449048542686	
0.000000000000	0.242857142857	0.573171149933	0.449038499326	
0.000000000000	0.242857142857	0.579171149933	0.449032459193	
0.000000000000	0.242857142857	0.585171149933	0.449030883190	
0.000000000000	0.242857142857	0.591171149933	0.449033401257	
0.000000000000	0.242857142857	0.597171149933	0.449039686538	
0.000000000000	0.242857142857	0.603171149933	0.449050621164	
0.000000000000	0.242857142857	0.609171149933	0.449066343292	
0.000000000000	0.257142857143	0.483323129491	0.437548914528	
0.000000000000	0.257142857143	0.489323129491	0.437361242476	
0.000000000000	0.257142857143	0.495323129491	0.437238882179	
0.000000000000	0.257142857143	0.501323129491	0.437181482531	
0.000000000000	0.257142857143	0.507323129491	0.437173450752	
0.000000000000	0.257142857143	0.513323129491	0.437196567335	
0.000000000000	0.257142857143	0.519323129491	0.437235025848	
0.000000000000	0.257142857143	0.525323129491	0.437280946473	
0.000000000000	0.257142857143	0.531323129491	0.437334017415	
0.000000000000	0.271428571429	0.481091080715	0.425439113497	
0.000000000000	0.271428571429	0.487091080715	0.425211876151	
0.000000000000	0.271428571429	0.493091080715	0.425056802039	
0.000000000000	0.271428571429	0.499091080715	0.424972564143	
0.000000000000	0.271428571429	0.505091080715	0.424955524885	
0.000000000000	0.271428571429	0.511091080715	0.424999524042	
0.000000000000	0.271428571429	0.517091080715	0.425099402988	
0.000000000000	0.271428571429	0.523091080715	0.425239018319	
0.000000000000	0.271428571429	0.529091080715	0.425400486080	
0.000000000000	0.285714285714	0.482216884645	0.413598932006	
0.000000000000	0.285714285714	0.488216884645	0.413354090868	
0.000000000000	0.285714285714	0.494216884645	0.413191175692	
0.000000000000	0.285714285714	0.500216884645	0.413104412824	
0.000000000000	0.285714285714	0.506216884645	0.413084275781	
0.000000000000	0.285714285714	0.512216884645	0.413130902294	
0.000000000000	0.285714285714	0.518216884645	0.413239406495	
0.000000000000	0.285714285714	0.524216884645	0.413404005040	
0.000000000000	0.285714285714	0.530216884645	0.413622277023	
0.000000000000	0.300000000000	0.484368155796	0.402116151549	
0.000000000000	0.300000000000	0.490368155796	0.401871300060	
0.000000000000	0.300000000000	0.496368155796	0.401701483859	
0.000000000000	0.300000000000	0.502368155796	0.401604057218	
0.000000000000	0.300000000000	0.508368155796	0.401582758855	
0.000000000000	0.300000000000	0.514368155796	0.401632368433	
0.000000000000	0.300000000000	0.520368155796	0.401743656708	
0.000000000000	0.300000000000	0.526368155796	0.401916916387	
0.000000000000	0.300000000000	0.532368155796	0.402147626695	
0.000000000000	0.314285714286	0.486505951819	0.391041147962	
0.000000000000	0.314285714286	0.492505951819	0.390779680661	
0.000000000000	0.314285714286	0.498505951819	0.390599595799	
0.000000000000	0.314285714286	0.504505951819	0.390497025746	
0.000000000000	0.314285714286	0.510505951819	0.390463773384	
0.000000000000	0.314285714286	0.516505951819	0.390497747875	
0.000000000000	0.314285714286	0.522505951819	0.390602814749	
0.000000000000	0.314285714286	0.528505951819	0.390774329841	
0.000000000000	0.314285714286	0.534505951819	0.391003063737	
0.000000000000	0.328571428571	0.488568522779	0.380356981324	
0.000000000000	0.328571428571	0.494568522779	0.380089740068	
0.000000000000	0.328571428571	0.500568522779	0.379892064740	
0.000000000000	0.328571428571	0.506568522779	0.379767042780	
0.000000000000	0.328571428571	0.512568522779	0.379718250726	
0.000000000000	0.328571428571	0.518568522779	0.379742158235	
0.000000000000	0.328571428571	0.524568522779	0.379830353657	
0.000000000000	0.328571428571	0.530568522779	0.379981116417	
0.000000000000	0.328571428571	0.536568522779	0.380198325336	
0.000000000000	0.342857142857	0.494094072174	0.369873162817	
0.000000000000	0.342857142857	0.500094072174	0.369639378048	
0.000000000000	0.342857142857	0.506094072174	0.369470812849	
0.000000000000	0.342857142857	0.512094072174	0.369371779362	
0.000000000000	0.342857142857	0.518094072174	0.369340451125	
0.000000000000	0.342857142857	0.524094072174	0.369380925897	
0.000000000000	0.342857142857	0.530094072174	0.369488336348	
0.000000000000	0.342857142857	0.536094072174	0.369660752448	
0.000000000000	0.342857142857	0.542094072174	0.369891672972	
0.000000000000	0.357142857143	0.496873611387	0.359831389663	
0.000000000000	0.357142857143	0.502873611387	0.359620693292	
0.000000000000	0.357142857143	0.508873611387	0.359468894130	
0.000000000000	0.357142857143	0.514873611387	0.359367138635	
0.000000000000	0.357142857143	0.520873611387	0.359328103221	
0.000000000000	0.357142857143	0.526873611387	0.359351413950	
0.000000000000	0.357142857143	0.532873611387	0.359439612707	
0.000000000000	0.357142857143	0.538873611387	0.359594945576	
0.000000000000	0.357142857143	0.544873611387	0.359812530265	
0.000000000000	0.371428571429	0.500147282684	0.350086986899	
0.000000000000	0.371428571429	0.506147282684	0.349892838331	
0.000000000000	0.371428571429	0.512147282684	0.349756819192	
0.000000000000	0.371428571429	0.518147282684	0.349677257577	
0.000000000000	0.371428571429	0.524147282684	0.349651025833	
0.000000000000	0.371428571429	0.530147282684	0.349671082138	
0.000000000000	0.371428571429	0.536147282684	0.349754240755	
0.000000000000	0.371428571429	0.542147282684	0.349893470157	
0.000000000000	0.371428571429	0.548147282684	0.350093260057	
0.000000000000	0.385714285714	0.503500024582	0.340625598399	
0.000000000000	0.385714285714	0.509500024582	0.340462725501	
0.000000000000	0.385714285714	0.515500024582	0.340348249642	
0.000000000000	0.385714285714	0.521500024582	0.340278647098	
0.000000000000	0.385714285714	0.527500024582	0.340266295931	
0.000000000000	0.385714285714	0.533500024582	0.340306713926	
0.000000000000	0.385714285714	0.539500024582	0.340392082640	
0.000000000000	0.385714285714	0.545500024582	0.340523168309	
0.000000000000	0.385714285714	0.551500024582	0.340714669490	
0.000000000000	0.400000000000	0.504188385322	0.331506158835	
0.000000000000	0.400000000000	0.510188385322	0.331353481927	
0.000000000000	0.400000000000	0.516188385322	0.331249668122	
0.000000000000	0.400000000000	0.522188385322	0.331185297129	
0.000000000000	0.400000000000	0.528188385322	0.331168136364	
0.000000000000	0.400000000000	0.534188385322	0.331192428792	
0.000000000000	0.400000000000	0.540188385322	0.331266769545	
0.000000000000	0.400000000000	0.546188385322	0.331390187559	
0.000000000000	0.400000000000	0.552188385322	0.331559944732	
0.000000000000	0.414285714286	0.504396698490	0.322658918822	
0.000000000000	0.414285714286	0.510396698490	0.322502223947	
0.000000000000	0.414285714286	0.516396698490	0.322398155741	
0.000000000000	0.414285714286	0.522396698490	0.322338033257	
0.000000000000	0.414285714286	0.528396698490	0.322324272190	
0.000000000000	0.414285714286	0.534396698490	0.322348571924	
0.000000000000	0.414285714286	0.540396698490	0.322414507958	
0.000000000000	0.414285714286	0.546396698490	0.322521103187	
0.000000000000	0.414285714286	0.552396698490	0.322669274545	
0.000000000000	0.428571428571	0.502421694680	0.314166120398	
0.000000000000	0.428571428571	0.508421694680	0.313975465017	
0.000000000000	0.428571428571	0.514421694680	0.313837380389	
0.000000000000	0.428571428571	0.520421694680	0.313752773560	
0.000000000000	0.428571428571	0.526421694680	0.313715182680	
0.000000000000	0.428571428571	0.532421694680	0.313726196450	
0.000000000000	0.428571428571	0.538421694680	0.313776927525	
0.000000000000	0.428571428571	0.544421694680	0.313870351213	
0.000000000000	0.428571428571	0.550421694680	0.313996497673	
0.000000000000	0.442857142857	0.508432718932	0.305670935284	
0.000000000000	0.442857142857	0.514432718932	0.305522780150	
0.000000000000	0.442857142857	0.520432718932	0.305422206465	
0.000000000000	0.442857142857	0.526432718932	0.305366752540	
0.000000000000	0.442857142857	0.532432718932	0.305360575731	
0.000000000000	0.442857142857	0.538432718932	0.305399839858	
0.000000000000	0.442857142857	0.544432718932	0.305485792844	
0.000000000000	0.442857142857	0.550432718932	0.305609383007	
0.000000000000	0.442857142857	0.556432718932	0.305773475581	
0.000000000000	0.457142857143	0.507293938240	0.297677879601	
0.000000000000	0.457142857143	0.513293938240	0.297492973228	
0.000000000000	0.457142857143	0.519293938240	0.297368696938	
0.000000000000	0.457142857143	0.525293938240	0.297290886266	
0.000000000000	0.457142857143	0.531293938240	0.297261077851	
0.000000000000	0.457142857143	0.537293938240	0.297271535726	
0.000000000000	0.457142857143	0.543293938240	0.297327951178	
0.000000000000	0.457142857143	0.549293938240	0.297430098758	
0.000000000000	0.457142857143	0.555293938240	0.297572762857	
0.000000000000	0.471428571429	0.511165912582	0.290099301853	
0.000000000000	0.471428571429	0.517165912582	0.289666533712	
0.000000000000	0.471428571429	0.523165912582	0.289493546405	
0.000000000000	0.471428571429	0.529165912582	0.289424787081	
0.000000000000	0.471428571429	0.535165912582	0.289405835526	
0.000000000000	0.471428571429	0.541165912582	0.289431527387	
0.000000000000	0.471428571429	0.547165912582	0.289498728327	
0.000000000000	0.471428571429	0.553165912582	0.289606219212	
0.000000000000	0.471428571429	0.559165912582	0.289754416927	
0.000000000000	0.485714285714	0.515419870862	0.283180264999	
0.000000000000	0.485714285714	0.521419870862	0.282547048951	
0.000000000000	0.485714285714	0.527419870862	0.282081418196	
0.000000000000	0.485714285714	0.533419870862	0.281827401947	
0.000000000000	0.485714285714	0.539419870862	0.281797476124	
0.000000000000	0.485714285714	0.545419870862	0.281833445034	
0.000000000000	0.485714285714	0.551419870862	0.281910262504	
0.000000000000	0.485714285714	0.557419870862	0.282030175932	
0.000000000000	0.485714285714	0.563419870862	0.282188439905	
0.000000000000	0.500000000000	0.524632503280	0.276111664914	
0.000000000000	0.500000000000	0.530632503280	0.275450952229	
0.000000000000	0.500000000000	0.536632503280	0.274943764620	
0.000000000000	0.500000000000	0.542632503280	0.274602545517	
0.000000000000	0.500000000000	0.548632503280	0.274479753376	
0.000000000000	0.500000000000	0.554632503280	0.274541319817	
0.000000000000	0.500000000000	0.560632503280	0.274661131681	
0.000000000000	0.500000000000	0.566632503280	0.274819012416	
0.000000000000	0.500000000000	0.572632503280	0.275015644281	
0.000000000000	0.514285714286	0.537726167980	0.268919690605	
0.000000000000	0.514285714286	0.543726167980	0.268329972136	
0.000000000000	0.514285714286	0.549726167980	0.267885319727	
0.000000000000	0.514285714286	0.555726167980	0.267594566578	
0.000000000000	0.514285714286	0.561726167980	0.267496872991	
0.000000000000	0.514285714286	0.567726167980	0.267615400072	
0.000000000000	0.514285714286	0.573726167980	0.267795480231	
0.000000000000	0.514285714286	0.579726167980	0.268012488744	
0.000000000000	0.514285714286	0.585726167980	0.268267267909	
0.000000000000	0.528571428571	0.549989667333	0.262155095243	
0.000000000000	0.528571428571	0.555989667333	0.261615435548	
0.000000000000	0.528571428571	0.561989667333	0.261205408513	
0.000000000000	0.528571428571	0.567989667333	0.260939428602	
0.000000000000	0.528571428571	0.573989667333	0.260844630798	
0.000000000000	0.528571428571	0.579989667333	0.260976781344	
0.000000000000	0.528571428571	0.585989667333	0.261203526828	
0.000000000000	0.528571428571	0.591989667333	0.261470232712	
0.000000000000	0.528571428571	0.597989667333	0.261771653549	
0.000000000000	0.542857142857	0.561588132113	0.255762645482	
0.000000000000	0.542857142857	0.567588132113	0.255252109143	
0.000000000000	0.542857142857	0.573588132113	0.254861119879	
0.000000000000	0.542857142857	0.579588132113	0.254606786865	
0.000000000000	0.542857142857	0.585588132113	0.254501582987	
0.000000000000	0.542857142857	0.591588132113	0.254595633145	
0.000000000000	0.542857142857	0.597588132113	0.254853685759	
0.000000000000	0.542857142857	0.603588132113	0.255161297965	
0.000000000000	0.542857142857	0.609588132113	0.255500581484	
0.000000000000	0.557142857143	0.575162845392	0.249478248756	
0.000000000000	0.557142857143	0.581162845392	0.249030583462	
0.000000000000	0.557142857143	0.587162845392	0.248698640562	
0.000000000000	0.557142857143	0.593162845392	0.248497612955	
0.000000000000	0.557142857143	0.599162845392	0.248436672260	
0.000000000000	0.557142857143	0.605162845392	0.248559732560	
0.000000000000	0.557142857143	0.611162845392	0.248863501335	
0.000000000000	0.557142857143	0.617162845392	0.249217660370	
0.000000000000	0.557142857143	0.623162845392	0.249601779408	
0.000000000000	0.571428571429	0.585741659140	0.243731434538	
0.000000000000	0.571428571429	0.591741659140	0.243273199324	
0.000000000000	0.571428571429	0.597741659140	0.242941732105	
0.000000000000	0.571428571429	0.603741659140	0.242723736629	
0.000000000000	0.571428571429	0.609741659140	0.242633950600	
0.000000000000	0.571428571429	0.615741659140	0.242692348748	
0.000000000000	0.571428571429	0.621741659140	0.242954861944	
0.000000000000	0.571428571429	0.627741659140	0.243328595210	
0.000000000000	0.571428571429	0.633741659140	0.243740543502	
0.000000000000	0.585714285714	0.596897349960	0.238192138173	
0.000000000000	0.585714285714	0.602897349960	0.237724721016	
0.000000000000	0.585714285714	0.608897349960	0.237397863282	
0.000000000000	0.585714285714	0.614897349960	0.237179533904	
0.000000000000	0.585714285714	0.620897349960	0.237081686274	
0.000000000000	0.585714285714	0.626897349960	0.237112728372	
0.000000000000	0.585714285714	0.632897349960	0.237306042018	
0.000000000000	0.585714285714	0.638897349960	0.237690310432	
0.000000000000	0.585714285714	0.644897349960	0.238126810487	
0.000000000000	0.600000000000	0.610504459407	0.232679069665	
0.000000000000	0.600000000000	0.616504459407	0.232260352977	
0.000000000000	0.600000000000	0.622504459407	0.231980226507	
0.000000000000	0.600000000000	0.628504459407	0.231807643787	
0.000000000000	0.600000000000	0.634504459407	0.231748360342	
0.000000000000	0.600000000000	0.640504459407	0.231812763171	
0.000000000000	0.600000000000	0.646504459407	0.232030135064	
0.000000000000	0.600000000000	0.652504459407	0.232441098378	
0.000000000000	0.600000000000	0.658504459407	0.232910890522	
0.000000000000	0.614285714286	0.621201497202	0.227634149088	
0.000000000000	0.614285714286	0.627201497202	0.227197311673	
0.000000000000	0.614285714286	0.633201497202	0.226895563659	
0.000000000000	0.614285714286	0.639201497202	0.226716279330	
0.000000000000	0.614285714286	0.645201497202	0.226637531616	
0.000000000000	0.614285714286	0.651201497202	0.226674703136	
0.000000000000	0.614285714286	0.657201497202	0.226840236775	
0.000000000000	0.614285714286	0.663201497202	0.227181178420	
0.000000000000	0.614285714286	0.669201497202	0.227659484561	
0.000000000000	0.628571428571	0.635769765875	0.222496244679	
0.000000000000	0.628571428571	0.641769765875	0.222122786529	
0.000000000000	0.628571428571	0.647769765875	0.221881009805	
0.000000000000	0.628571428571	0.653769765875	0.221756194561	
0.000000000000	0.628571428571	0.659769765875	0.221729381768	
0.000000000000	0.628571428571	0.665769765875	0.221815229025	
0.000000000000	0.628571428571	0.671769765875	0.222027291266	
0.000000000000	0.628571428571	0.677769765875	0.222413811323	
0.000000000000	0.628571428571	0.683769765875	0.222926549440	
0.000000000000	0.642857142857	0.646993166360	0.217815038088	
0.000000000000	0.642857142857	0.652993166360	0.217436192328	
0.000000000000	0.642857142857	0.658993166360	0.217175475993	
0.000000000000	0.642857142857	0.664993166360	0.217042481859	
0.000000000000	0.642857142857	0.670993166360	0.217009197237	
0.000000000000	0.642857142857	0.676993166360	0.217077309201	
0.000000000000	0.642857142857	0.682993166360	0.217259216159	
0.000000000000	0.642857142857	0.688993166360	0.217579402205	
0.000000000000	0.642857142857	0.694993166360	0.218081459790	
0.000000000000	0.657142857143	0.655787649711	0.213644560367	
0.000000000000	0.657142857143	0.661787649711	0.213077309438	
0.000000000000	0.657142857143	0.667787649711	0.212758157303	
0.000000000000	0.657142857143	0.673787649711	0.212555404737	
0.000000000000	0.657142857143	0.679787649711	0.212475368765	
0.000000000000	0.657142857143	0.685787649711	0.212489770878	
0.000000000000	0.657142857143	0.691787649711	0.212605717552	
0.000000000000	0.657142857143	0.697787649711	0.212832412030	
0.000000000000	0.657142857143	0.703787649711	0.213197617805	
0.000000000000	0.671428571429	0.670000000000	0.209102477862	
0.000000000000	0.671428571429	0.676000000000	0.208578914430	
0.000000000000	0.671428571429	0.682000000000	0.208304766605	
0.000000000000	0.671428571429	0.688000000000	0.208143528223	
0.000000000000	0.671428571429	0.694000000000	0.208101945339	
0.000000000000	0.671428571429	0.700000000000	0.208152576002	
0.000000000000	0.671428571429	0.706000000000	0.208301619640	
0.000000000000	0.671428571429	0.712000000000	0.208558521680	
0.000000000000	0.671428571429	0.718000000000	0.208950306128	
0.000000000000	0.685714285714	0.700000000000	0.203940596415	
0.000000000000	0.700000000000	0.700000000000	0.200333781458	
