############################################################################################################
# Fit points used to estimate minimums of wetness found for the following parameters:
# Body = WalkingMan.in, vmax = 2 vfall
# dx = 0.001 m, nstep = 50
# nfit = 9, dv = 0.006 vfall
# Columns:
# vcross (vfall)	vtail (vfall)	vb (vfall)	Rb (m^2)
############################################################################################################
0.000000000000	0.775510204082	1.192651592000	0.246625417295	
0.000000000000	0.775510204082	1.198651592000	0.230773295385	
0.000000000000	0.775510204082	1.204651592000	0.227067135549	
0.000000000000	0.775510204082	1.210651592000	0.225397197968	
0.000000000000	0.775510204082	1.216651592000	0.229434834100	
0.000000000000	0.775510204082	1.222651592000	0.247545349201	
0.000000000000	0.775510204082	1.228651592000	0.244304587665	
0.000000000000	0.775510204082	1.234651592000	0.231138074698	
0.000000000000	0.775510204082	1.240651592000	0.246804808570	
0.000000000000	0.836734693878	1.206943388000	0.233421289857	
0.000000000000	0.836734693878	1.212943388000	0.225897437822	
0.000000000000	0.836734693878	1.218943388000	0.222585396347	
0.000000000000	0.836734693878	1.224943388000	0.234150452499	
0.000000000000	0.836734693878	1.230943388000	0.216127078184	
0.000000000000	0.836734693878	1.236943388000	0.235159624358	
0.000000000000	0.836734693878	1.242943388000	0.218318745563	
0.000000000000	0.836734693878	1.248943388000	0.215004679213	
0.000000000000	0.836734693878	1.254943388000	0.233225234835	
0.000000000000	0.897959183674	1.148639184878	0.216286801668	
0.000000000000	0.897959183674	1.154639184878	0.219066620565	
0.000000000000	0.897959183674	1.160639184878	0.211553148641	
0.000000000000	0.897959183674	1.166639184878	0.231597448338	
0.000000000000	0.897959183674	1.172639184878	0.206553647425	
0.000000000000	0.897959183674	1.178639184878	0.236905430252	
0.000000000000	0.897959183674	1.184639184878	0.217766485779	
0.000000000000	0.897959183674	1.190639184878	0.204859353430	
0.000000000000	0.897959183674	1.196639184878	0.223062461941	
0.000000000000	0.959183673470	1.228711813975	0.209589997659	
0.000000000000	0.959183673470	1.234711813975	0.199919816468	
0.000000000000	0.959183673470	1.240711813975	0.207902918089	
0.000000000000	0.959183673470	1.246711813975	0.218848802245	
0.000000000000	0.959183673470	1.252711813975	0.194635270505	
0.000000000000	0.959183673470	1.258711813975	0.206708892056	
0.000000000000	0.959183673470	1.264711813975	0.193505950482	
0.000000000000	0.959183673470	1.270711813975	0.210405354809	
0.000000000000	0.959183673470	1.276711813975	0.222766849312	
0.000000000000	1.020408163266	1.531401603664	0.204558373422	
0.000000000000	1.020408163266	1.537401603664	0.194795061636	
0.000000000000	1.020408163266	1.543401603664	0.188675512553	
0.000000000000	1.020408163266	1.549401603664	0.201783699945	
0.000000000000	1.020408163266	1.555401603664	0.199683132074	
0.000000000000	1.020408163266	1.561401603664	0.188691205685	
0.000000000000	1.020408163266	1.567401603664	0.194407644795	
0.000000000000	1.020408163266	1.573401603664	0.207870424115	
0.000000000000	1.020408163266	1.579401603664	0.195615994221	
0.000000000000	1.081632653061	1.550759790168	0.197027502270	
0.000000000000	1.081632653061	1.556759790168	0.181626021665	
0.000000000000	1.081632653061	1.562759790168	0.181934668568	
0.000000000000	1.081632653061	1.568759790168	0.183910040418	
0.000000000000	1.081632653061	1.574759790168	0.183404522798	
0.000000000000	1.081632653061	1.580759790168	0.193874992564	
0.000000000000	1.081632653061	1.586759790168	0.194625212090	
0.000000000000	1.081632653061	1.592759790168	0.186335867354	
0.000000000000	1.081632653061	1.598759790168	0.193866188873	
0.000000000000	1.142857142857	1.562762711391	0.192201844735	
0.000000000000	1.142857142857	1.568762711391	0.186730152966	
0.000000000000	1.142857142857	1.574762711391	0.175472991673	
0.000000000000	1.142857142857	1.580762711391	0.174160602122	
0.000000000000	1.142857142857	1.586762711391	0.189360596982	
0.000000000000	1.142857142857	1.592762711391	0.174705388369	
0.000000000000	1.142857142857	1.598762711391	0.189837452086	
0.000000000000	1.142857142857	1.604762711391	0.189194816341	
0.000000000000	1.142857142857	1.610762711391	0.185167238137	
0.000000000000	1.204081632653	2.000000000000	0.179967423809	
0.000000000000	1.265306122449	1.964000000000	0.184977617578	
0.000000000000	1.265306122449	1.970000000000	0.175056102022	
0.000000000000	1.265306122449	1.976000000000	0.169434027190	
0.000000000000	1.265306122449	1.982000000000	0.179311815329	
0.000000000000	1.265306122449	1.988000000000	0.169542389456	
0.000000000000	1.265306122449	1.994000000000	0.181093090438	
0.000000000000	1.265306122449	2.000000000000	0.183409730393	
0.000000000000	1.265306122449	2.006000000000	0.187275576860	
0.000000000000	1.265306122449	2.012000000000	0.184207595586	
0.000000000000	1.326530612245	1.703891426750	0.166678792338	
0.000000000000	1.326530612245	1.709891426750	0.162725225009	
0.000000000000	1.326530612245	1.715891426750	0.159464341481	
0.000000000000	1.326530612245	1.721891426750	0.152742189641	
0.000000000000	1.326530612245	1.727891426750	0.163749152673	
0.000000000000	1.326530612245	1.733891426750	0.170066487510	
0.000000000000	1.326530612245	1.739891426750	0.162127591457	
0.000000000000	1.326530612245	1.745891426750	0.153578123681	
0.000000000000	1.326530612245	1.751891426750	0.162001463102	
0.000000000000	1.387755102041	1.958000000000	0.170485680412	
0.000000000000	1.387755102041	1.964000000000	0.166589918391	
0.000000000000	1.387755102041	1.970000000000	0.161653942563	
0.000000000000	1.387755102041	1.976000000000	0.156595710769	
0.000000000000	1.387755102041	1.982000000000	0.160620965281	
0.000000000000	1.387755102041	1.988000000000	0.154555998579	
0.000000000000	1.387755102041	1.994000000000	0.168855066463	
0.000000000000	1.387755102041	2.000000000000	0.168866117247	
0.000000000000	1.387755102041	2.006000000000	0.174125616916	
0.000000000000	1.448979591837	2.000000000000	0.150730194761	
0.000000000000	1.510204081633	1.952000000000	0.150596115351	
0.000000000000	1.510204081633	1.958000000000	0.152298691810	
0.000000000000	1.510204081633	1.964000000000	0.141906969639	
0.000000000000	1.510204081633	1.970000000000	0.144015287647	
0.000000000000	1.510204081633	1.976000000000	0.153652550282	
0.000000000000	1.510204081633	1.982000000000	0.143879150072	
0.000000000000	1.510204081633	1.988000000000	0.151944914916	
0.000000000000	1.510204081633	1.994000000000	0.150591425034	
0.000000000000	1.510204081633	2.000000000000	0.149955292343	
0.000000000000	1.571428571429	2.000000000000	0.138183751041	
0.000000000000	1.632653061225	1.964000000000	0.136646561878	
0.000000000000	1.632653061225	1.970000000000	0.132583601621	
0.000000000000	1.632653061225	1.976000000000	0.140897647573	
0.000000000000	1.632653061225	1.982000000000	0.142102935721	
0.000000000000	1.632653061225	1.988000000000	0.131640443160	
0.000000000000	1.632653061225	1.994000000000	0.132664295695	
0.000000000000	1.632653061225	2.000000000000	0.130253158000	
0.000000000000	1.632653061225	2.006000000000	0.141594446499	
0.000000000000	1.632653061225	2.012000000000	0.142975561528	
0.000000000000	1.693877551020	1.958000000000	0.137619595961	
0.000000000000	1.693877551020	1.964000000000	0.125916258718	
0.000000000000	1.693877551020	1.970000000000	0.124716591932	
0.000000000000	1.693877551020	1.976000000000	0.133121393010	
0.000000000000	1.693877551020	1.982000000000	0.137216265044	
0.000000000000	1.693877551020	1.988000000000	0.126921529130	
0.000000000000	1.693877551020	1.994000000000	0.124440734294	
0.000000000000	1.693877551020	2.000000000000	0.123858115108	
0.000000000000	1.693877551020	2.006000000000	0.137264934313	
0.000000000000	1.755102040816	1.819265493835	0.126102816739	
0.000000000000	1.755102040816	1.825265493835	0.128542444405	
0.000000000000	1.755102040816	1.831265493835	0.122049049525	
0.000000000000	1.755102040816	1.837265493835	0.116595573654	
0.000000000000	1.755102040816	1.843265493835	0.128796329720	
0.000000000000	1.755102040816	1.849265493835	0.132792412057	
0.000000000000	1.755102040816	1.855265493835	0.126227571442	
0.000000000000	1.755102040816	1.861265493835	0.116985636225	
0.000000000000	1.755102040816	1.867265493835	0.126422237926	
0.000000000000	1.816326530612	1.895754634864	0.119815893362	
0.000000000000	1.816326530612	1.901754634864	0.112690584047	
0.000000000000	1.816326530612	1.907754634864	0.110516276622	
0.000000000000	1.816326530612	1.913754634864	0.121988406934	
0.000000000000	1.816326530612	1.919754634864	0.128680234558	
0.000000000000	1.816326530612	1.925754634864	0.120875285205	
0.000000000000	1.816326530612	1.931754634864	0.111689933787	
0.000000000000	1.816326530612	1.937754634864	0.112277552461	
0.000000000000	1.816326530612	1.943754634864	0.120735669615	
0.000000000000	1.877551020408	1.853913291466	0.129473919218	
0.000000000000	1.877551020408	1.859913291466	0.125207435253	
0.000000000000	1.877551020408	1.865913291466	0.107939260320	
0.000000000000	1.877551020408	1.871913291466	0.107973492191	
0.000000000000	1.877551020408	1.877913291466	0.117801809726	
0.000000000000	1.877551020408	1.883913291466	0.131766296828	
0.000000000000	1.877551020408	1.889913291466	0.125982058782	
0.000000000000	1.877551020408	1.895913291466	0.107113360792	
0.000000000000	1.877551020408	1.901913291466	0.116184433871	
0.000000000000	1.938775510204	1.964000000000	0.121019000361	
0.000000000000	1.938775510204	1.970000000000	0.112979510545	
0.000000000000	1.938775510204	1.976000000000	0.114260033152	
0.000000000000	1.938775510204	1.982000000000	0.110684986999	
0.000000000000	1.938775510204	1.988000000000	0.119818991255	
0.000000000000	1.938775510204	1.994000000000	0.119441428422	
0.000000000000	1.938775510204	2.000000000000	0.109187633526	
0.000000000000	1.938775510204	2.006000000000	0.109954064882	
0.000000000000	1.938775510204	2.012000000000	0.118865453994	
0.000000000000	2.000000000000	1.952143784000	0.113370627462	
0.000000000000	2.000000000000	1.958143784000	0.110387326344	
0.000000000000	2.000000000000	1.964143784000	0.108719706801	
0.000000000000	2.000000000000	1.970143784000	0.106504594342	
0.000000000000	2.000000000000	1.976143784000	0.119322422644	
0.000000000000	2.000000000000	1.982143784000	0.118241436717	
0.000000000000	2.000000000000	1.988143784000	0.105491429023	
0.000000000000	2.000000000000	1.994143784000	0.105999872601	
0.000000000000	2.000000000000	2.000143784000	0.115608135238	
