############################################################################################################
# Fit points used to estimate minimums of wetness found for the following parameters:
# Body = WalkingMan.xml, vmax = 0.7 vfall
# dx = 0.001 m, nstep = 50
# nfit = 9, dv = 0.006 vfall
# Columns:
# vcross (vfall)	vtail (vfall)	vb (vfall)	Rb (m^2)
############################################################################################################
0.000000000000	0.000000000000	0.700000000000	0.610328056543	
0.000000000000	0.063157894737	0.700000000000	0.568144812492	
0.000000000000	0.126315789474	0.700000000000	0.526216719249	
0.000000000000	0.189473684211	0.700000000000	0.484571072450	
0.000000000000	0.252631578947	0.489753206862	0.441182263416	
0.000000000000	0.252631578947	0.495753206862	0.441069345831	
0.000000000000	0.252631578947	0.501753206862	0.441007124990	
0.000000000000	0.252631578947	0.507753206862	0.440978210794	
0.000000000000	0.252631578947	0.513753206862	0.440969815020	
0.000000000000	0.252631578947	0.519753206862	0.440970884269	
0.000000000000	0.252631578947	0.525753206862	0.440978222711	
0.000000000000	0.252631578947	0.531753206862	0.440994609812	
0.000000000000	0.252631578947	0.537753206862	0.441020633095	
0.000000000000	0.315789473684	0.486884118859	0.389772949109	
0.000000000000	0.315789473684	0.492884118859	0.389513866678	
0.000000000000	0.315789473684	0.498884118859	0.389335814283	
0.000000000000	0.315789473684	0.504884118859	0.389235080741	
0.000000000000	0.315789473684	0.510884118859	0.389204665807	
0.000000000000	0.315789473684	0.516884118859	0.389241353485	
0.000000000000	0.315789473684	0.522884118859	0.389350196173	
0.000000000000	0.315789473684	0.528884118859	0.389525368065	
0.000000000000	0.315789473684	0.534884118859	0.389758276481	
0.000000000000	0.378947368421	0.501863607143	0.344958085613	
0.000000000000	0.378947368421	0.507863607143	0.344782940622	
0.000000000000	0.378947368421	0.513863607143	0.344654677098	
0.000000000000	0.378947368421	0.519863607143	0.344583904665	
0.000000000000	0.378947368421	0.525863607143	0.344567647861	
0.000000000000	0.378947368421	0.531863607143	0.344601213324	
0.000000000000	0.378947368421	0.537863607143	0.344677864598	
0.000000000000	0.378947368421	0.543863607143	0.344816072399	
0.000000000000	0.378947368421	0.549863607143	0.345010974676	
0.000000000000	0.442105263158	0.508297340306	0.305989372935	
0.000000000000	0.442105263158	0.514297340306	0.305843218399	
0.000000000000	0.442105263158	0.520297340306	0.305742241042	
0.000000000000	0.442105263158	0.526297340306	0.305687345902	
0.000000000000	0.442105263158	0.532297340306	0.305683815165	
0.000000000000	0.442105263158	0.538297340306	0.305725441605	
0.000000000000	0.442105263158	0.544297340306	0.305812647094	
0.000000000000	0.442105263158	0.550297340306	0.305937177783	
0.000000000000	0.442105263158	0.556297340306	0.306101689359	
0.000000000000	0.505263157895	0.529421629733	0.273298873195	
0.000000000000	0.505263157895	0.535421629733	0.272669428238	
0.000000000000	0.505263157895	0.541421629733	0.272187517697	
0.000000000000	0.505263157895	0.547421629733	0.271868840580	
0.000000000000	0.505263157895	0.553421629733	0.271759350163	
0.000000000000	0.505263157895	0.559421629733	0.271846304895	
0.000000000000	0.505263157895	0.565421629733	0.271988479016	
0.000000000000	0.505263157895	0.571421629733	0.272169960607	
0.000000000000	0.505263157895	0.577421629733	0.272390903994	
0.000000000000	0.568421052632	0.583396220510	0.244814912705	
0.000000000000	0.568421052632	0.589396220510	0.244359921006	
0.000000000000	0.568421052632	0.595396220510	0.244029504420	
0.000000000000	0.568421052632	0.601396220510	0.243814376154	
0.000000000000	0.568421052632	0.607396220510	0.243730654274	
0.000000000000	0.568421052632	0.613396220510	0.243800376178	
0.000000000000	0.568421052632	0.619396220510	0.244078048578	
0.000000000000	0.568421052632	0.625396220510	0.244448121608	
0.000000000000	0.568421052632	0.631396220510	0.244854815248	
0.000000000000	0.631578947368	0.637866123324	0.221406983035	
0.000000000000	0.631578947368	0.643866123324	0.221028495781	
0.000000000000	0.631578947368	0.649866123324	0.220780753003	
0.000000000000	0.631578947368	0.655866123324	0.220651191293	
0.000000000000	0.631578947368	0.661866123324	0.220621325625	
0.000000000000	0.631578947368	0.667866123324	0.220700739435	
0.000000000000	0.631578947368	0.673866123324	0.220903208749	
0.000000000000	0.631578947368	0.679866123324	0.221268660412	
0.000000000000	0.631578947368	0.685866123324	0.221782494485	
0.000000000000	0.694736842105	0.700000000000	0.201499010549	
0.000000000000	0.757894736842	0.700000000000	0.198609415672	
0.000000000000	0.821052631579	0.700000000000	0.207648212204	
0.000000000000	0.884210526316	0.700000000000	0.224579931594	
0.000000000000	0.947368421053	0.700000000000	0.248032307981	
0.000000000000	1.010526315789	0.700000000000	0.276716165918	
0.000000000000	1.073684210526	0.700000000000	0.308212653520	
0.000000000000	1.136842105263	0.700000000000	0.342627321899	
0.000000000000	1.200000000000	0.700000000000	0.379216397360	
0.063157894737	0.000000000000	0.700000000000	0.616127055941	
0.063157894737	0.063157894737	0.700000000000	0.573959784522	
0.063157894737	0.126315789474	0.700000000000	0.532094752602	
0.063157894737	0.189473684211	0.700000000000	0.490532760118	
0.063157894737	0.252631578947	0.549997891558	0.448783675015	
0.063157894737	0.252631578947	0.555997891558	0.448762605611	
0.063157894737	0.252631578947	0.561997891558	0.448750916115	
0.063157894737	0.252631578947	0.567997891558	0.448744708686	
0.063157894737	0.252631578947	0.573997891558	0.448743073974	
0.063157894737	0.252631578947	0.579997891558	0.448745703036	
0.063157894737	0.252631578947	0.585997891558	0.448751904791	
0.063157894737	0.252631578947	0.591997891558	0.448760804328	
0.063157894737	0.252631578947	0.597997891558	0.448775825259	
0.063157894737	0.315789473684	0.489196205792	0.398202109348	
0.063157894737	0.315789473684	0.495196205792	0.397976130585	
0.063157894737	0.315789473684	0.501196205792	0.397814383949	
0.063157894737	0.315789473684	0.507196205792	0.397727671866	
0.063157894737	0.315789473684	0.513196205792	0.397703733782	
0.063157894737	0.315789473684	0.519196205792	0.397754344493	
0.063157894737	0.315789473684	0.525196205792	0.397868405930	
0.063157894737	0.315789473684	0.531196205792	0.398045079723	
0.063157894737	0.315789473684	0.537196205792	0.398256642991	
0.063157894737	0.378947368421	0.496923479587	0.352466727996	
0.063157894737	0.378947368421	0.502923479587	0.352279350807	
0.063157894737	0.378947368421	0.508923479587	0.352138490491	
0.063157894737	0.378947368421	0.514923479587	0.352049539196	
0.063157894737	0.378947368421	0.520923479587	0.352020541915	
0.063157894737	0.378947368421	0.526923479587	0.352042377717	
0.063157894737	0.378947368421	0.532923479587	0.352107473496	
0.063157894737	0.378947368421	0.538923479587	0.352229894961	
0.063157894737	0.378947368421	0.544923479587	0.352394080427	
0.063157894737	0.442105263158	0.504146420266	0.312413338169	
0.063157894737	0.442105263158	0.510146420266	0.312226876774	
0.063157894737	0.442105263158	0.516146420266	0.312105804334	
0.063157894737	0.442105263158	0.522146420266	0.312038147808	
0.063157894737	0.442105263158	0.528146420266	0.312017878306	
0.063157894737	0.442105263158	0.534146420266	0.312054718301	
0.063157894737	0.442105263158	0.540146420266	0.312142257610	
0.063157894737	0.442105263158	0.546146420266	0.312267008081	
0.063157894737	0.442105263158	0.552146420266	0.312434503208	
0.063157894737	0.505263157895	0.529611088435	0.278835162916	
0.063157894737	0.505263157895	0.535611088435	0.278241078955	
0.063157894737	0.505263157895	0.541611088435	0.277810320629	
0.063157894737	0.505263157895	0.547611088435	0.277519407288	
0.063157894737	0.505263157895	0.553611088435	0.277417570550	
0.063157894737	0.505263157895	0.559611088435	0.277468172208	
0.063157894737	0.505263157895	0.565611088435	0.277587339858	
0.063157894737	0.505263157895	0.571611088435	0.277768904223	
0.063157894737	0.505263157895	0.577611088435	0.278003682489	
0.063157894737	0.568421052632	0.582589488289	0.249845448904	
0.063157894737	0.568421052632	0.588589488289	0.249367141950	
0.063157894737	0.568421052632	0.594589488289	0.249042051894	
0.063157894737	0.568421052632	0.600589488289	0.248850605014	
0.063157894737	0.568421052632	0.606589488289	0.248791226551	
0.063157894737	0.568421052632	0.612589488289	0.248860254707	
0.063157894737	0.568421052632	0.618589488289	0.249101054832	
0.063157894737	0.568421052632	0.624589488289	0.249436676101	
0.063157894737	0.568421052632	0.630589488289	0.249828657820	
0.063157894737	0.631578947368	0.633910449972	0.226235523010	
0.063157894737	0.631578947368	0.639910449972	0.225754445091	
0.063157894737	0.631578947368	0.645910449972	0.225401403379	
0.063157894737	0.631578947368	0.651910449972	0.225198453825	
0.063157894737	0.631578947368	0.657910449972	0.225128206265	
0.063157894737	0.631578947368	0.663910449972	0.225174587499	
0.063157894737	0.631578947368	0.669910449972	0.225335618170	
0.063157894737	0.631578947368	0.675910449972	0.225610338843	
0.063157894737	0.631578947368	0.681910449972	0.226037395930	
0.063157894737	0.694736842105	0.700000000000	0.205595154405	
0.063157894737	0.757894736842	0.700000000000	0.204135708768	
0.063157894737	0.821052631579	0.700000000000	0.214250542245	
0.063157894737	0.884210526316	0.700000000000	0.232247050868	
0.063157894737	0.947368421053	0.700000000000	0.256442711977	
0.063157894737	1.010526315789	0.700000000000	0.285268540286	
0.063157894737	1.073684210526	0.700000000000	0.317191138842	
0.063157894737	1.136842105263	0.700000000000	0.351625659140	
0.063157894737	1.200000000000	0.700000000000	0.387920795242	
0.126315789474	0.000000000000	0.700000000000	0.619652173711	
0.126315789474	0.063157894737	0.700000000000	0.577093513771	
0.126315789474	0.126315789474	0.700000000000	0.534931306936	
0.126315789474	0.189473684211	0.700000000000	0.493117253026	
0.126315789474	0.252631578947	0.569622158693	0.451163063452	
0.126315789474	0.252631578947	0.575622158693	0.451136286110	
0.126315789474	0.252631578947	0.581622158693	0.451117349043	
0.126315789474	0.252631578947	0.587622158693	0.451104319889	
0.126315789474	0.252631578947	0.593622158693	0.451100258820	
0.126315789474	0.252631578947	0.599622158693	0.451103542479	
0.126315789474	0.252631578947	0.605622158693	0.451109623843	
0.126315789474	0.252631578947	0.611622158693	0.451120071660	
0.126315789474	0.252631578947	0.617622158693	0.451136279388	
0.126315789474	0.315789473684	0.526062433927	0.403028346772	
0.126315789474	0.315789473684	0.532062433927	0.402866495156	
0.126315789474	0.315789473684	0.538062433927	0.402747688326	
0.126315789474	0.315789473684	0.544062433927	0.402681920160	
0.126315789474	0.315789473684	0.550062433927	0.402667817405	
0.126315789474	0.315789473684	0.556062433927	0.402695695249	
0.126315789474	0.315789473684	0.562062433927	0.402763536523	
0.126315789474	0.315789473684	0.568062433927	0.402872467927	
0.126315789474	0.315789473684	0.574062433927	0.403032744468	
0.126315789474	0.378947368421	0.528412557359	0.359421057608	
0.126315789474	0.378947368421	0.534412557359	0.359218555939	
0.126315789474	0.378947368421	0.540412557359	0.359080802489	
0.126315789474	0.378947368421	0.546412557359	0.358995174791	
0.126315789474	0.378947368421	0.552412557359	0.358965250062	
0.126315789474	0.378947368421	0.558412557359	0.358992200901	
0.126315789474	0.378947368421	0.564412557359	0.359070571119	
0.126315789474	0.378947368421	0.570412557359	0.359193941442	
0.126315789474	0.378947368421	0.576412557359	0.359352875041	
0.126315789474	0.442105263158	0.540370831225	0.320998562887	
0.126315789474	0.442105263158	0.546370831225	0.320844340570	
0.126315789474	0.442105263158	0.552370831225	0.320733859874	
0.126315789474	0.442105263158	0.558370831225	0.320658895242	
0.126315789474	0.442105263158	0.564370831225	0.320630941907	
0.126315789474	0.442105263158	0.570370831225	0.320649803971	
0.126315789474	0.442105263158	0.576370831225	0.320710035700	
0.126315789474	0.442105263158	0.582370831225	0.320809612498	
0.126315789474	0.442105263158	0.588370831225	0.320954541366	
0.126315789474	0.505263157895	0.553608029705	0.287563388276	
0.126315789474	0.505263157895	0.559608029705	0.287326778108	
0.126315789474	0.505263157895	0.565608029705	0.287157523361	
0.126315789474	0.505263157895	0.571608029705	0.287052998168	
0.126315789474	0.505263157895	0.577608029705	0.287011101084	
0.126315789474	0.505263157895	0.583608029705	0.287027927210	
0.126315789474	0.505263157895	0.589608029705	0.287098105951	
0.126315789474	0.505263157895	0.595608029705	0.287206907217	
0.126315789474	0.505263157895	0.601608029705	0.287352629292	
0.126315789474	0.568421052632	0.591732165032	0.259912762095	
0.126315789474	0.568421052632	0.597732165032	0.259165239531	
0.126315789474	0.568421052632	0.603732165032	0.258615590213	
0.126315789474	0.568421052632	0.609732165032	0.258260096890	
0.126315789474	0.568421052632	0.615732165032	0.258114199053	
0.126315789474	0.568421052632	0.621732165032	0.258172421154	
0.126315789474	0.568421052632	0.627732165032	0.258288007544	
0.126315789474	0.568421052632	0.633732165032	0.258456515978	
0.126315789474	0.568421052632	0.639732165032	0.258678103564	
0.126315789474	0.631578947368	0.647841144083	0.235555967115	
0.126315789474	0.631578947368	0.653841144083	0.234939908213	
0.126315789474	0.631578947368	0.659841144083	0.234464636317	
0.126315789474	0.631578947368	0.665841144083	0.234158366679	
0.126315789474	0.631578947368	0.671841144083	0.234024391802	
0.126315789474	0.631578947368	0.677841144083	0.234072798695	
0.126315789474	0.631578947368	0.683841144083	0.234314391966	
0.126315789474	0.631578947368	0.689841144083	0.234618059156	
0.126315789474	0.631578947368	0.695841144083	0.234966735060	
0.126315789474	0.694736842105	0.700000000000	0.215640049220	
0.126315789474	0.757894736842	0.700000000000	0.215383194138	
0.126315789474	0.821052631579	0.700000000000	0.226913274462	
0.126315789474	0.884210526316	0.700000000000	0.244449127319	
0.126315789474	0.947368421053	0.700000000000	0.267812491262	
0.126315789474	1.010526315789	0.700000000000	0.295861384701	
0.126315789474	1.073684210526	0.700000000000	0.327683530326	
0.126315789474	1.136842105263	0.700000000000	0.361929886064	
0.126315789474	1.200000000000	0.700000000000	0.398124542611	
0.189473684211	0.000000000000	0.700000000000	0.621376102437	
0.189473684211	0.063157894737	0.700000000000	0.579086148176	
0.189473684211	0.126315789474	0.700000000000	0.537328968244	
0.189473684211	0.189473684211	0.700000000000	0.496068998504	
0.189473684211	0.252631578947	0.700000000000	0.455400911165	
0.189473684211	0.315789473684	0.583500197677	0.414000073549	
0.189473684211	0.315789473684	0.589500197677	0.413884967825	
0.189473684211	0.315789473684	0.595500197677	0.413803450395	
0.189473684211	0.315789473684	0.601500197677	0.413761419230	
0.189473684211	0.315789473684	0.607500197677	0.413754641698	
0.189473684211	0.315789473684	0.613500197677	0.413776572986	
0.189473684211	0.315789473684	0.619500197677	0.413824877963	
0.189473684211	0.315789473684	0.625500197677	0.413891500314	
0.189473684211	0.315789473684	0.631500197677	0.413963766145	
0.189473684211	0.378947368421	0.573183891645	0.372764128107	
0.189473684211	0.378947368421	0.579183891645	0.372640386966	
0.189473684211	0.378947368421	0.585183891645	0.372554209740	
0.189473684211	0.378947368421	0.591183891645	0.372505178755	
0.189473684211	0.378947368421	0.597183891645	0.372489623227	
0.189473684211	0.378947368421	0.603183891645	0.372506534936	
0.189473684211	0.378947368421	0.609183891645	0.372560285873	
0.189473684211	0.378947368421	0.615183891645	0.372643481913	
0.189473684211	0.378947368421	0.621183891645	0.372754701372	
0.189473684211	0.442105263158	0.576918093839	0.335395336603	
0.189473684211	0.442105263158	0.582918093839	0.335240637042	
0.189473684211	0.442105263158	0.588918093839	0.335137803380	
0.189473684211	0.442105263158	0.594918093839	0.335077215886	
0.189473684211	0.442105263158	0.600918093839	0.335060463616	
0.189473684211	0.442105263158	0.606918093839	0.335082012274	
0.189473684211	0.442105263158	0.612918093839	0.335148053864	
0.189473684211	0.442105263158	0.618918093839	0.335259552545	
0.189473684211	0.442105263158	0.624918093839	0.335404506629	
0.189473684211	0.505263157895	0.589321563830	0.302266522422	
0.189473684211	0.505263157895	0.595321563830	0.302111977448	
0.189473684211	0.505263157895	0.601321563830	0.302018036016	
0.189473684211	0.505263157895	0.607321563830	0.301969008904	
0.189473684211	0.505263157895	0.613321563830	0.301957686127	
0.189473684211	0.505263157895	0.619321563830	0.301985110317	
0.189473684211	0.505263157895	0.625321563830	0.302038581259	
0.189473684211	0.505263157895	0.631321563830	0.302122218056	
0.189473684211	0.505263157895	0.637321563830	0.302238355989	
0.189473684211	0.568421052632	0.615191209406	0.273626750669	
0.189473684211	0.568421052632	0.621191209406	0.273162400365	
0.189473684211	0.568421052632	0.627191209406	0.273004682941	
0.189473684211	0.568421052632	0.633191209406	0.272913398851	
0.189473684211	0.568421052632	0.639191209406	0.272883082794	
0.189473684211	0.568421052632	0.645191209406	0.272909776911	
0.189473684211	0.568421052632	0.651191209406	0.272985589398	
0.189473684211	0.568421052632	0.657191209406	0.273104083829	
0.189473684211	0.568421052632	0.663191209406	0.273268058787	
0.189473684211	0.631578947368	0.664913055872	0.249467078460	
0.189473684211	0.631578947368	0.670913055872	0.248798429737	
0.189473684211	0.631578947368	0.676913055872	0.248254639835	
0.189473684211	0.631578947368	0.682913055872	0.247963952071	
0.189473684211	0.631578947368	0.688913055872	0.248003288652	
0.189473684211	0.631578947368	0.694913055872	0.248123640868	
0.189473684211	0.631578947368	0.700913055872	0.248296330732	
0.189473684211	0.631578947368	0.706913055872	0.248517430424	
0.189473684211	0.631578947368	0.712913055872	0.248781276023	
0.189473684211	0.694736842105	0.700000000000	0.231164033645	
0.189473684211	0.757894736842	0.700000000000	0.231315751312	
0.189473684211	0.821052631579	0.700000000000	0.243090805815	
0.189473684211	0.884210526316	0.700000000000	0.259318091666	
0.189473684211	0.947368421053	0.700000000000	0.281346701488	
0.189473684211	1.010526315789	0.700000000000	0.307946853307	
0.189473684211	1.073684210526	0.700000000000	0.338287423296	
0.189473684211	1.136842105263	0.700000000000	0.371926944653	
0.189473684211	1.200000000000	0.700000000000	0.407995430747	
0.252631578947	0.000000000000	0.700000000000	0.627392537506	
0.252631578947	0.063157894737	0.700000000000	0.585855274573	
0.252631578947	0.126315789474	0.700000000000	0.544866535162	
0.252631578947	0.189473684211	0.700000000000	0.504546680693	
0.252631578947	0.252631578947	0.700000000000	0.465074461636	
0.252631578947	0.315789473684	0.700000000000	0.426506506398	
0.252631578947	0.378947368421	0.628851765096	0.388254350751	
0.252631578947	0.378947368421	0.634851765096	0.388158085091	
0.252631578947	0.378947368421	0.640851765096	0.388096103122	
0.252631578947	0.378947368421	0.646851765096	0.388055352982	
0.252631578947	0.378947368421	0.652851765096	0.388045835979	
0.252631578947	0.378947368421	0.658851765096	0.388062663807	
0.252631578947	0.378947368421	0.664851765096	0.388102590359	
0.252631578947	0.378947368421	0.670851765096	0.388174141452	
0.252631578947	0.378947368421	0.676851765096	0.388276392795	
0.252631578947	0.442105263158	0.621238950118	0.352158275908	
0.252631578947	0.442105263158	0.627238950118	0.352044832660	
0.252631578947	0.442105263158	0.633238950118	0.351970461239	
0.252631578947	0.442105263158	0.639238950118	0.351933556707	
0.252631578947	0.442105263158	0.645238950118	0.351926542715	
0.252631578947	0.442105263158	0.651238950118	0.351947938489	
0.252631578947	0.442105263158	0.657238950118	0.351999525611	
0.252631578947	0.442105263158	0.663238950118	0.352082245803	
0.252631578947	0.442105263158	0.669238950118	0.352189535977	
0.252631578947	0.505263157895	0.630401892409	0.319492023887	
0.252631578947	0.505263157895	0.636401892409	0.319377526850	
0.252631578947	0.505263157895	0.642401892409	0.319286831236	
0.252631578947	0.505263157895	0.648401892409	0.319235979067	
0.252631578947	0.505263157895	0.654401892409	0.319223373668	
0.252631578947	0.505263157895	0.660401892409	0.319240381878	
0.252631578947	0.505263157895	0.666401892409	0.319293332759	
0.252631578947	0.505263157895	0.672401892409	0.319384149839	
0.252631578947	0.505263157895	0.678401892409	0.319508061831	
0.252631578947	0.568421052632	0.642483865194	0.290382203269	
0.252631578947	0.568421052632	0.648483865194	0.290231732092	
0.252631578947	0.568421052632	0.654483865194	0.290129462309	
0.252631578947	0.568421052632	0.660483865194	0.290071532091	
0.252631578947	0.568421052632	0.666483865194	0.290059526238	
0.252631578947	0.568421052632	0.672483865194	0.290082228611	
0.252631578947	0.568421052632	0.678483865194	0.290138075852	
0.252631578947	0.568421052632	0.684483865194	0.290219558564	
0.252631578947	0.568421052632	0.690483865194	0.290330551955	
0.252631578947	0.631578947368	0.700000000000	0.264372324594	
0.252631578947	0.694736842105	0.700000000000	0.247102951859	
0.252631578947	0.757894736842	0.700000000000	0.247002214594	
0.252631578947	0.821052631579	0.700000000000	0.257742535448	
0.252631578947	0.884210526316	0.700000000000	0.274078025832	
0.252631578947	0.947368421053	0.700000000000	0.296291539648	
0.252631578947	1.010526315789	0.700000000000	0.322700064278	
0.252631578947	1.073684210526	0.700000000000	0.352409070261	
0.252631578947	1.136842105263	0.700000000000	0.385291693548	
0.252631578947	1.200000000000	0.700000000000	0.420213917879	
0.315789473684	0.000000000000	0.700000000000	0.633844471513	
0.315789473684	0.063157894737	0.700000000000	0.593227892787	
0.315789473684	0.126315789474	0.700000000000	0.553439263331	
0.315789473684	0.189473684211	0.700000000000	0.514445070908	
0.315789473684	0.252631578947	0.700000000000	0.476038987617	
0.315789473684	0.315789473684	0.700000000000	0.438124419176	
0.315789473684	0.378947368421	0.700000000000	0.401395180197	
0.315789473684	0.442105263158	0.665826986920	0.366944588704	
0.315789473684	0.442105263158	0.671826986920	0.366837139939	
0.315789473684	0.442105263158	0.677826986920	0.366758681686	
0.315789473684	0.442105263158	0.683826986920	0.366707752954	
0.315789473684	0.442105263158	0.689826986920	0.366688322421	
0.315789473684	0.442105263158	0.695826986920	0.366693927955	
0.315789473684	0.442105263158	0.701826986920	0.366719483945	
0.315789473684	0.442105263158	0.707826986920	0.366769268877	
0.315789473684	0.442105263158	0.713826986920	0.366843124857	
0.315789473684	0.505263157895	0.670000000000	0.334910623382	
0.315789473684	0.505263157895	0.676000000000	0.334809446696	
0.315789473684	0.505263157895	0.682000000000	0.334741582403	
0.315789473684	0.505263157895	0.688000000000	0.334707265683	
0.315789473684	0.505263157895	0.694000000000	0.334701852825	
0.315789473684	0.505263157895	0.700000000000	0.334720833399	
0.315789473684	0.505263157895	0.706000000000	0.334763084284	
0.315789473684	0.505263157895	0.712000000000	0.334828344964	
0.315789473684	0.505263157895	0.718000000000	0.334919918497	
0.315789473684	0.568421052632	0.670000000000	0.305799122245	
0.315789473684	0.568421052632	0.676000000000	0.305703299596	
0.315789473684	0.568421052632	0.682000000000	0.305639615034	
0.315789473684	0.568421052632	0.688000000000	0.305603634261	
0.315789473684	0.568421052632	0.694000000000	0.305591561458	
0.315789473684	0.568421052632	0.700000000000	0.305604162228	
0.315789473684	0.568421052632	0.706000000000	0.305638360692	
0.315789473684	0.568421052632	0.712000000000	0.305697620694	
0.315789473684	0.568421052632	0.718000000000	0.305778199470	
0.315789473684	0.631578947368	0.700000000000	0.279640303100	
0.315789473684	0.694736842105	0.700000000000	0.260446877933	
0.315789473684	0.757894736842	0.700000000000	0.260634308241	
0.315789473684	0.821052631579	0.700000000000	0.272087977546	
0.315789473684	0.884210526316	0.700000000000	0.290726021810	
0.315789473684	0.947368421053	0.700000000000	0.314477123373	
0.315789473684	1.010526315789	0.700000000000	0.341961984167	
0.315789473684	1.073684210526	0.700000000000	0.371273891061	
0.315789473684	1.136842105263	0.700000000000	0.402833775209	
0.315789473684	1.200000000000	0.700000000000	0.436038026499	
0.378947368421	0.000000000000	0.700000000000	0.642691939684	
0.378947368421	0.063157894737	0.700000000000	0.603431631958	
0.378947368421	0.126315789474	0.700000000000	0.564787151778	
0.378947368421	0.189473684211	0.700000000000	0.526485335946	
0.378947368421	0.252631578947	0.700000000000	0.488536552477	
0.378947368421	0.315789473684	0.700000000000	0.451514629951	
0.378947368421	0.378947368421	0.700000000000	0.416210725073	
0.378947368421	0.442105263158	0.700000000000	0.382983530379	
0.378947368421	0.505263157895	0.700000000000	0.351652717615	
0.378947368421	0.568421052632	0.700000000000	0.322089203647	
0.378947368421	0.631578947368	0.700000000000	0.296241911455	
0.378947368421	0.694736842105	0.700000000000	0.276790566792	
0.378947368421	0.757894736842	0.700000000000	0.279090277721	
0.378947368421	0.821052631579	0.700000000000	0.291850779456	
0.378947368421	0.884210526316	0.700000000000	0.312029704193	
0.378947368421	0.947368421053	0.700000000000	0.336295054378	
0.378947368421	1.010526315789	0.700000000000	0.363062434018	
0.378947368421	1.073684210526	0.700000000000	0.390832365060	
0.378947368421	1.136842105263	0.700000000000	0.420546957755	
0.378947368421	1.200000000000	0.700000000000	0.452819689823	
0.442105263158	0.000000000000	0.700000000000	0.654708998363	
0.442105263158	0.063157894737	0.700000000000	0.616295718064	
0.442105263158	0.126315789474	0.700000000000	0.578206359982	
0.442105263158	0.189473684211	0.700000000000	0.540691876363	
0.442105263158	0.252631578947	0.700000000000	0.503939592828	
0.442105263158	0.315789473684	0.700000000000	0.468293175714	
0.442105263158	0.378947368421	0.700000000000	0.433936742264	
0.442105263158	0.442105263158	0.700000000000	0.400629473580	
0.442105263158	0.505263157895	0.700000000000	0.368775830750	
0.442105263158	0.568421052632	0.700000000000	0.339531887937	
0.442105263158	0.631578947368	0.700000000000	0.315048265855	
0.442105263158	0.694736842105	0.700000000000	0.296943422366	
0.442105263158	0.757894736842	0.700000000000	0.301770240964	
0.442105263158	0.821052631579	0.700000000000	0.315139800276	
0.442105263158	0.884210526316	0.700000000000	0.335307755573	
0.442105263158	0.947368421053	0.700000000000	0.359298117674	
0.442105263158	1.010526315789	0.700000000000	0.385234652489	
0.442105263158	1.073684210526	0.700000000000	0.412243188012	
0.442105263158	1.136842105263	0.700000000000	0.440713026992	
0.442105263158	1.200000000000	0.700000000000	0.471285967162	
0.505263157895	0.000000000000	0.700000000000	0.668740990299	
0.505263157895	0.063157894737	0.700000000000	0.631050235860	
0.505263157895	0.126315789474	0.700000000000	0.594045991289	
0.505263157895	0.189473684211	0.700000000000	0.557404635362	
0.505263157895	0.252631578947	0.700000000000	0.521075239994	
0.505263157895	0.315789473684	0.700000000000	0.485347537660	
0.505263157895	0.378947368421	0.700000000000	0.450425671811	
0.505263157895	0.442105263158	0.700000000000	0.416740796519	
0.505263157895	0.505263157895	0.700000000000	0.385352762534	
0.505263157895	0.568421052632	0.700000000000	0.357033026495	
0.505263157895	0.631578947368	0.700000000000	0.334594061470	
0.505263157895	0.694736842105	0.700000000000	0.318114380614	
0.505263157895	0.757894736842	0.700000000000	0.325112127736	
0.505263157895	0.821052631579	0.700000000000	0.339142441054	
0.505263157895	0.884210526316	0.700000000000	0.359495567983	
0.505263157895	0.947368421053	0.700000000000	0.383039947204	
0.505263157895	1.010526315789	0.700000000000	0.408182323514	
0.505263157895	1.073684210526	0.700000000000	0.434434018695	
0.505263157895	1.136842105263	0.700000000000	0.462098644653	
0.505263157895	1.200000000000	0.700000000000	0.491545547241	
0.568421052632	0.000000000000	0.700000000000	0.684507090285	
0.568421052632	0.063157894737	0.700000000000	0.647354142956	
0.568421052632	0.126315789474	0.700000000000	0.610356860502	
0.568421052632	0.189473684211	0.700000000000	0.573482352476	
0.568421052632	0.252631578947	0.700000000000	0.536968244003	
0.568421052632	0.315789473684	0.700000000000	0.501139071179	
0.568421052632	0.378947368421	0.700000000000	0.466272023016	
0.568421052632	0.442105263158	0.700000000000	0.433163385245	
0.568421052632	0.505263157895	0.700000000000	0.402588904466	
0.568421052632	0.568421052632	0.700000000000	0.376418462508	
0.568421052632	0.631578947368	0.700000000000	0.356112900707	
0.568421052632	0.694736842105	0.700000000000	0.340986689188	
0.568421052632	0.757894736842	0.700000000000	0.349288609799	
0.568421052632	0.821052631579	0.700000000000	0.364582645598	
0.568421052632	0.884210526316	0.700000000000	0.384625447922	
0.568421052632	0.947368421053	0.700000000000	0.407340231483	
0.568421052632	1.010526315789	0.700000000000	0.431520834826	
0.568421052632	1.073684210526	0.700000000000	0.456870714630	
0.568421052632	1.136842105263	0.700000000000	0.483906243006	
0.568421052632	1.200000000000	0.700000000000	0.512589862603	
0.631578947368	0.000000000000	0.700000000000	0.700395914491	
0.631578947368	0.063157894737	0.700000000000	0.663134929447	
0.631578947368	0.126315789474	0.700000000000	0.626076914250	
0.631578947368	0.189473684211	0.700000000000	0.589348812684	
0.631578947368	0.252631578947	0.700000000000	0.553167848109	
0.631578947368	0.315789473684	0.700000000000	0.517641972091	
0.631578947368	0.378947368421	0.700000000000	0.483341359885	
0.631578947368	0.442105263158	0.700000000000	0.451125450171	
0.631578947368	0.505263157895	0.700000000000	0.422129302003	
0.631578947368	0.568421052632	0.700000000000	0.398178899012	
0.631578947368	0.631578947368	0.700000000000	0.379395364220	
0.631578947368	0.694736842105	0.700000000000	0.365562240189	
0.631578947368	0.757894736842	0.700000000000	0.375185431487	
0.631578947368	0.821052631579	0.700000000000	0.391444435193	
0.631578947368	0.884210526316	0.700000000000	0.410504137550	
0.631578947368	0.947368421053	0.700000000000	0.432118274298	
0.631578947368	1.010526315789	0.700000000000	0.455129804033	
0.631578947368	1.073684210526	0.700000000000	0.479724095065	
0.631578947368	1.136842105263	0.700000000000	0.506156326988	
0.631578947368	1.200000000000	0.700000000000	0.534225112139	
0.694736842105	0.000000000000	0.700000000000	0.716000719505	
0.694736842105	0.063157894737	0.700000000000	0.679025220577	
0.694736842105	0.126315789474	0.700000000000	0.642384115076	
0.694736842105	0.189473684211	0.700000000000	0.606172144559	
0.694736842105	0.252631578947	0.700000000000	0.570507325660	
0.694736842105	0.315789473684	0.700000000000	0.535627253920	
0.694736842105	0.378947368421	0.700000000000	0.502622665585	
0.694736842105	0.442105263158	0.700000000000	0.471771189730	
0.694736842105	0.505263157895	0.700000000000	0.444075138989	
0.694736842105	0.568421052632	0.700000000000	0.422001768305	
0.694736842105	0.631578947368	0.700000000000	0.405391784542	
0.694736842105	0.694736842105	0.700000000000	0.392831273162	
0.694736842105	0.757894736842	0.700000000000	0.403788145677	
0.694736842105	0.821052631579	0.700000000000	0.419339948220	
0.694736842105	0.884210526316	0.700000000000	0.436891019770	
0.694736842105	0.947368421053	0.700000000000	0.457106075447	
0.694736842105	1.010526315789	0.700000000000	0.479085347023	
0.694736842105	1.073684210526	0.700000000000	0.503010501074	
0.694736842105	1.136842105263	0.700000000000	0.528897061927	
0.694736842105	1.200000000000	0.700000000000	0.556583016421	
0.757894736842	0.000000000000	0.700000000000	0.732141400765	
0.757894736842	0.063157894737	0.700000000000	0.695660526352	
0.757894736842	0.126315789474	0.700000000000	0.659517753932	
0.757894736842	0.189473684211	0.700000000000	0.623970790929	
0.757894736842	0.252631578947	0.700000000000	0.589158542663	
0.757894736842	0.315789473684	0.700000000000	0.555632872616	
0.757894736842	0.378947368421	0.700000000000	0.524057958283	
0.757894736842	0.442105263158	0.700000000000	0.494381250027	
0.757894736842	0.505263157895	0.700000000000	0.468420510353	
0.757894736842	0.568421052632	0.700000000000	0.448669685737	
0.757894736842	0.631578947368	0.700000000000	0.433089953452	
0.757894736842	0.694736842105	0.700000000000	0.421429766736	
0.757894736842	0.757894736842	0.700000000000	0.433086519204	
0.757894736842	0.821052631579	0.700000000000	0.448058198050	
0.757894736842	0.884210526316	0.700000000000	0.463945505626	
0.757894736842	0.947368421053	0.700000000000	0.482522900519	
0.757894736842	1.010526315789	0.700000000000	0.503654665009	
0.757894736842	1.073684210526	0.700000000000	0.526920303264	
0.757894736842	1.136842105263	0.700000000000	0.552236895709	
0.757894736842	1.200000000000	0.700000000000	0.579415366548	
0.821052631579	0.000000000000	0.700000000000	0.748967142368	
0.821052631579	0.063157894737	0.700000000000	0.713030834407	
0.821052631579	0.126315789474	0.700000000000	0.677691998086	
0.821052631579	0.189473684211	0.700000000000	0.643145954302	
0.821052631579	0.252631578947	0.700000000000	0.609414490628	
0.821052631579	0.315789473684	0.700000000000	0.577305722484	
0.821052631579	0.378947368421	0.700000000000	0.546758477893	
0.821052631579	0.442105263158	0.700000000000	0.518701271593	
0.821052631579	0.505263157895	0.700000000000	0.495239567284	
0.821052631579	0.568421052632	0.700000000000	0.476829514711	
0.821052631579	0.631578947368	0.700000000000	0.461999779602	
0.821052631579	0.694736842105	0.700000000000	0.450993886526	
0.821052631579	0.757894736842	0.700000000000	0.462359992654	
0.821052631579	0.821052631579	0.700000000000	0.476512645466	
0.821052631579	0.884210526316	0.700000000000	0.491605114235	
0.821052631579	0.947368421053	0.700000000000	0.508596392397	
0.821052631579	1.010526315789	0.700000000000	0.528979189954	
0.821052631579	1.073684210526	0.700000000000	0.551607502460	
0.821052631579	1.136842105263	0.700000000000	0.576254030295	
0.821052631579	1.200000000000	0.700000000000	0.602810212400	
0.884210526316	0.000000000000	0.700000000000	0.766556078120	
0.884210526316	0.063157894737	0.700000000000	0.731467173749	
0.884210526316	0.126315789474	0.700000000000	0.697196748675	
0.884210526316	0.189473684211	0.700000000000	0.663642569061	
0.884210526316	0.252631578947	0.700000000000	0.631099099600	
0.884210526316	0.315789473684	0.700000000000	0.599948516404	
0.884210526316	0.378947368421	0.700000000000	0.570848684522	
0.884210526316	0.442105263158	0.700000000000	0.544649366255	
0.884210526316	0.505263157895	0.700000000000	0.523276757718	
0.884210526316	0.568421052632	0.700000000000	0.505939157384	
0.884210526316	0.631578947368	0.700000000000	0.491763593795	
0.884210526316	0.694736842105	0.700000000000	0.480711083807	
0.884210526316	0.757894736842	0.700000000000	0.491413583604	
0.884210526316	0.821052631579	0.700000000000	0.504830719801	
0.884210526316	0.884210526316	0.700000000000	0.519254609733	
0.884210526316	0.947368421053	0.700000000000	0.535416397399	
0.884210526316	1.010526315789	0.700000000000	0.555036172338	
0.884210526316	1.073684210526	0.700000000000	0.577002613769	
0.884210526316	1.136842105263	0.700000000000	0.601042451679	
0.884210526316	1.200000000000	0.700000000000	0.626858672692	
0.947368421053	0.000000000000	0.700000000000	0.785355180262	
0.947368421053	0.063157894737	0.700000000000	0.751227477406	
0.947368421053	0.126315789474	0.700000000000	0.717899297392	
0.947368421053	0.189473684211	0.700000000000	0.685167473099	
0.947368421053	0.252631578947	0.700000000000	0.653614837927	
0.947368421053	0.315789473684	0.700000000000	0.623818055763	
0.947368421053	0.378947368421	0.700000000000	0.596322174062	
0.947368421053	0.442105263158	0.700000000000	0.571973911527	
0.947368421053	0.505263157895	0.700000000000	0.552200518672	
0.947368421053	0.568421052632	0.700000000000	0.535716939720	
0.947368421053	0.631578947368	0.700000000000	0.521708511909	
0.947368421053	0.694736842105	0.700000000000	0.510236295588	
0.947368421053	0.757894736842	0.700000000000	0.520317247542	
0.947368421053	0.821052631579	0.700000000000	0.533125852601	
0.947368421053	0.884210526316	0.700000000000	0.547004351525	
0.947368421053	0.947368421053	0.700000000000	0.562859837517	
0.947368421053	1.010526315789	0.700000000000	0.581738674034	
0.947368421053	1.073684210526	0.700000000000	0.603035923746	
0.947368421053	1.136842105263	0.700000000000	0.626441328081	
0.947368421053	1.200000000000	0.700000000000	0.651627073994	
1.010526315789	0.000000000000	0.700000000000	0.805401862356	
1.010526315789	0.063157894737	0.700000000000	0.772097224690	
1.010526315789	0.126315789474	0.700000000000	0.739353367608	
1.010526315789	0.189473684211	0.700000000000	0.707553680431	
1.010526315789	0.252631578947	0.700000000000	0.677260992616	
1.010526315789	0.315789473684	0.700000000000	0.648893754413	
1.010526315789	0.378947368421	0.700000000000	0.622980879565	
1.010526315789	0.442105263158	0.700000000000	0.600349149202	
1.010526315789	0.505263157895	0.700000000000	0.581719408109	
1.010526315789	0.568421052632	0.700000000000	0.565614544299	
1.010526315789	0.631578947368	0.700000000000	0.551464729679	
1.010526315789	0.694736842105	0.700000000000	0.539548715406	
1.010526315789	0.757894736842	0.700000000000	0.549106713324	
1.010526315789	0.821052631579	0.700000000000	0.561427437027	
1.010526315789	0.884210526316	0.700000000000	0.574970321187	
1.010526315789	0.947368421053	0.700000000000	0.590651668682	
1.010526315789	1.010526315789	0.700000000000	0.608942419537	
1.010526315789	1.073684210526	0.700000000000	0.629629932600	
1.010526315789	1.136842105263	0.700000000000	0.652380198778	
1.010526315789	1.200000000000	0.700000000000	0.676982234955	
1.073684210526	0.000000000000	0.700000000000	0.826414074454	
1.073684210526	0.063157894737	0.700000000000	0.793666912809	
1.073684210526	0.126315789474	0.700000000000	0.761681945165	
1.073684210526	0.189473684211	0.700000000000	0.731026850162	
1.073684210526	0.252631578947	0.700000000000	0.702032566113	
1.073684210526	0.315789473684	0.700000000000	0.675071784695	
1.073684210526	0.378947368421	0.700000000000	0.650624011951	
1.073684210526	0.442105263158	0.700000000000	0.629366034603	
1.073684210526	0.505263157895	0.700000000000	0.611373318552	
1.073684210526	0.568421052632	0.700000000000	0.595347480510	
1.073684210526	0.631578947368	0.700000000000	0.581018108305	
1.073684210526	0.694736842105	0.700000000000	0.568724074656	
1.073684210526	0.757894736842	0.700000000000	0.577833893468	
1.073684210526	0.821052631579	0.700000000000	0.589749801031	
1.073684210526	0.884210526316	0.700000000000	0.603142516595	
1.073684210526	0.947368421053	0.700000000000	0.618663444345	
1.073684210526	1.010526315789	0.700000000000	0.636520118673	
1.073684210526	1.073684210526	0.700000000000	0.656688025286	
1.073684210526	1.136842105263	0.700000000000	0.678842937633	
1.073684210526	1.200000000000	0.700000000000	0.702825010128	
1.136842105263	0.000000000000	0.700000000000	0.848029948023	
1.136842105263	0.063157894737	0.700000000000	0.815975674429	
1.136842105263	0.126315789474	0.700000000000	0.785039080271	
1.136842105263	0.189473684211	0.700000000000	0.755571427641	
1.136842105263	0.252631578947	0.700000000000	0.727831911970	
1.136842105263	0.315789473684	0.700000000000	0.702178840805	
1.136842105263	0.378947368421	0.700000000000	0.678937881987	
1.136842105263	0.442105263158	0.700000000000	0.658615198696	
1.136842105263	0.505263157895	0.700000000000	0.640954251635	
1.136842105263	0.568421052632	0.700000000000	0.624933215169	
1.136842105263	0.631578947368	0.700000000000	0.610414147824	
1.136842105263	0.694736842105	0.700000000000	0.597784584481	
1.136842105263	0.757894736842	0.700000000000	0.606538891065	
1.136842105263	0.821052631579	0.700000000000	0.618173761241	
1.136842105263	0.884210526316	0.700000000000	0.631489854912	
1.136842105263	0.947368421053	0.700000000000	0.646875292842	
1.136842105263	1.010526315789	0.700000000000	0.664382109291	
1.136842105263	1.073684210526	0.700000000000	0.684111063105	
1.136842105263	1.136842105263	0.700000000000	0.705734507646	
1.136842105263	1.200000000000	0.700000000000	0.729131281057	
1.200000000000	0.000000000000	0.700000000000	0.870396963387	
1.200000000000	0.063157894737	0.700000000000	0.839243900149	
1.200000000000	0.126315789474	0.700000000000	0.809382307107	
1.200000000000	0.189473684211	0.700000000000	0.781064232615	
1.200000000000	0.252631578947	0.700000000000	0.754503386652	
1.200000000000	0.315789473684	0.700000000000	0.729897765014	
1.200000000000	0.378947368421	0.700000000000	0.707602953175	
1.200000000000	0.442105263158	0.700000000000	0.687906876491	
1.200000000000	0.505263157895	0.700000000000	0.670450016793	
1.200000000000	0.568421052632	0.700000000000	0.654382900866	
1.200000000000	0.631578947368	0.700000000000	0.639716674464	
1.200000000000	0.694736842105	0.700000000000	0.626780002777	
1.200000000000	0.757894736842	0.700000000000	0.635239768492	
1.200000000000	0.821052631579	0.700000000000	0.646733244307	
1.200000000000	0.884210526316	0.700000000000	0.659996963589	
1.200000000000	0.947368421053	0.700000000000	0.675259824505	
1.200000000000	1.010526315789	0.700000000000	0.692491162381	
1.200000000000	1.073684210526	0.700000000000	0.711807530030	
1.200000000000	1.136842105263	0.700000000000	0.732963348568	
1.200000000000	1.200000000000	0.700000000000	0.755825780521	
