############################################################################################################
# Fit points used to estimate minimums of wetness found for the following parameters:
# Body = WalkingMan.in, vmax = 0.7 vfall
# dx = 0.001 m, nstep = 50
# nfit = 9, dv = 0.006 vfall
# Columns:
# vcross (vfall)	vtail (vfall)	vb (vfall)	Rb (m^2)
############################################################################################################
0.294736842105	0.000000000000	0.700000000000	0.631721055154	
0.294736842105	0.036842105263	0.700000000000	0.607672373568	
0.294736842105	0.073684210526	0.700000000000	0.583896042776	
0.294736842105	0.110526315789	0.700000000000	0.560386359725	
0.294736842105	0.147368421053	0.700000000000	0.537159105524	
0.294736842105	0.184210526316	0.700000000000	0.514224580157	
0.294736842105	0.221052631579	0.700000000000	0.491570427345	
0.294736842105	0.257894736842	0.700000000000	0.469146508006	
0.294736842105	0.294736842105	0.700000000000	0.446938415122	
0.294736842105	0.331578947368	0.700000000000	0.424915830394	
0.294736842105	0.368421052632	0.670000000000	0.403426690956	
0.294736842105	0.368421052632	0.676000000000	0.403360292054	
0.294736842105	0.368421052632	0.682000000000	0.403310317091	
0.294736842105	0.368421052632	0.688000000000	0.403279578646	
0.294736842105	0.368421052632	0.694000000000	0.403267962200	
0.294736842105	0.368421052632	0.700000000000	0.403271912792	
0.294736842105	0.368421052632	0.706000000000	0.403290850152	
0.294736842105	0.368421052632	0.712000000000	0.403325435343	
0.294736842105	0.368421052632	0.718000000000	0.403380208080	
0.294736842105	0.405263157895	0.653163875183	0.382321139723	
0.294736842105	0.405263157895	0.659163875183	0.382228061248	
0.294736842105	0.405263157895	0.665163875183	0.382167730571	
0.294736842105	0.405263157895	0.671163875183	0.382134412326	
0.294736842105	0.405263157895	0.677163875183	0.382122971301	
0.294736842105	0.405263157895	0.683163875183	0.382133821528	
0.294736842105	0.405263157895	0.689163875183	0.382172955289	
0.294736842105	0.405263157895	0.695163875183	0.382232203291	
0.294736842105	0.405263157895	0.701163875183	0.382308250516	
0.294736842105	0.442105263158	0.650255066255	0.362037092859	
0.294736842105	0.442105263158	0.656255066255	0.361928934670	
0.294736842105	0.442105263158	0.662255066255	0.361854089655	
0.294736842105	0.442105263158	0.668255066255	0.361813471665	
0.294736842105	0.442105263158	0.674255066255	0.361803965193	
0.294736842105	0.442105263158	0.680255066255	0.361823330296	
0.294736842105	0.442105263158	0.686255066255	0.361867223951	
0.294736842105	0.442105263158	0.692255066255	0.361937433398	
0.294736842105	0.442105263158	0.698255066255	0.362034520673	
0.294736842105	0.478947368421	0.652516650152	0.342824234106	
0.294736842105	0.478947368421	0.658516650152	0.342717925348	
0.294736842105	0.478947368421	0.664516650152	0.342643251130	
0.294736842105	0.478947368421	0.670516650152	0.342597814968	
0.294736842105	0.478947368421	0.676516650152	0.342581977511	
0.294736842105	0.478947368421	0.682516650152	0.342594022531	
0.294736842105	0.478947368421	0.688516650152	0.342637038793	
0.294736842105	0.478947368421	0.694516650152	0.342710099257	
0.294736842105	0.478947368421	0.700516650152	0.342810778495	
0.294736842105	0.515789473684	0.656488215749	0.324738619107	
0.294736842105	0.515789473684	0.662488215749	0.324634704937	
0.294736842105	0.515789473684	0.668488215749	0.324552000602	
0.294736842105	0.515789473684	0.674488215749	0.324496142709	
0.294736842105	0.515789473684	0.680488215749	0.324472153804	
0.294736842105	0.515789473684	0.686488215749	0.324483909060	
0.294736842105	0.515789473684	0.692488215749	0.324528491838	
0.294736842105	0.515789473684	0.698488215749	0.324599657491	
0.294736842105	0.515789473684	0.704488215749	0.324697946705	
0.294736842105	0.552631578947	0.660977849297	0.307686398823	
0.294736842105	0.552631578947	0.666977849297	0.307579108253	
0.294736842105	0.552631578947	0.672977849297	0.307504520874	
0.294736842105	0.552631578947	0.678977849297	0.307466580157	
0.294736842105	0.552631578947	0.684977849297	0.307454973595	
0.294736842105	0.552631578947	0.690977849297	0.307469951520	
0.294736842105	0.552631578947	0.696977849297	0.307510167392	
0.294736842105	0.552631578947	0.702977849297	0.307570241563	
0.294736842105	0.552631578947	0.708977849297	0.307650384990	
0.294736842105	0.589473684211	0.670000000000	0.291646167029	
0.294736842105	0.589473684211	0.676000000000	0.291531100899	
0.294736842105	0.589473684211	0.682000000000	0.291464437849	
0.294736842105	0.589473684211	0.688000000000	0.291434581895	
0.294736842105	0.589473684211	0.694000000000	0.291430482603	
0.294736842105	0.589473684211	0.700000000000	0.291452028478	
0.294736842105	0.589473684211	0.706000000000	0.291498327154	
0.294736842105	0.589473684211	0.712000000000	0.291577465267	
0.294736842105	0.589473684211	0.718000000000	0.291683111525	
0.294736842105	0.626315789474	0.700000000000	0.276562339744	
0.294736842105	0.663157894737	0.700000000000	0.264229675028	
0.294736842105	0.700000000000	0.700000000000	0.254803313820	
0.331578947368	0.000000000000	0.700000000000	0.635842885464	
0.331578947368	0.036842105263	0.700000000000	0.612290603555	
0.331578947368	0.073684210526	0.700000000000	0.588995212589	
0.331578947368	0.110526315789	0.700000000000	0.565973590874	
0.331578947368	0.147368421053	0.700000000000	0.543222448302	
0.331578947368	0.184210526316	0.700000000000	0.520647424098	
0.331578947368	0.221052631579	0.700000000000	0.498213790606	
0.331578947368	0.257894736842	0.700000000000	0.475924259632	
0.331578947368	0.294736842105	0.700000000000	0.453776918795	
0.331578947368	0.331578947368	0.700000000000	0.432028939654	
0.331578947368	0.368421052632	0.700000000000	0.410795880242	
0.331578947368	0.405263157895	0.700000000000	0.390236842741	
0.331578947368	0.442105263158	0.700000000000	0.370526600223	
0.331578947368	0.478947368421	0.700000000000	0.351720454072	
0.331578947368	0.515789473684	0.700000000000	0.333845196982	
0.331578947368	0.552631578947	0.700000000000	0.316825966636	
0.331578947368	0.589473684211	0.700000000000	0.300543325977	
0.331578947368	0.626315789474	0.700000000000	0.285596370712	
0.331578947368	0.663157894737	0.700000000000	0.273006179808	
0.331578947368	0.700000000000	0.700000000000	0.262929479114	
0.368421052632	0.000000000000	0.700000000000	0.641163695475	
0.368421052632	0.036842105263	0.700000000000	0.618069038389	
0.368421052632	0.073684210526	0.700000000000	0.595204094658	
0.368421052632	0.110526315789	0.700000000000	0.572561208696	
0.368421052632	0.147368421053	0.700000000000	0.550071129587	
0.368421052632	0.184210526316	0.700000000000	0.527690025252	
0.368421052632	0.221052631579	0.700000000000	0.505400039513	
0.368421052632	0.257894736842	0.700000000000	0.483255061826	
0.368421052632	0.294736842105	0.700000000000	0.461451296077	
0.368421052632	0.331578947368	0.700000000000	0.440072915348	
0.368421052632	0.368421052632	0.700000000000	0.419355514840	
0.368421052632	0.405263157895	0.700000000000	0.399383541016	
0.368421052632	0.442105263158	0.700000000000	0.380180352917	
0.368421052632	0.478947368421	0.700000000000	0.361737262564	
0.368421052632	0.515789473684	0.700000000000	0.343871533031	
0.368421052632	0.552631578947	0.700000000000	0.326584020718	
0.368421052632	0.589473684211	0.700000000000	0.310153739578	
0.368421052632	0.626315789474	0.700000000000	0.295378583173	
0.368421052632	0.663157894737	0.700000000000	0.282722878750	
0.368421052632	0.700000000000	0.700000000000	0.272577956296	
0.405263157895	0.000000000000	0.700000000000	0.647616647812	
0.405263157895	0.036842105263	0.700000000000	0.624865684789	
0.405263157895	0.073684210526	0.700000000000	0.602328396866	
0.405263157895	0.110526315789	0.700000000000	0.579939025352	
0.405263157895	0.147368421053	0.700000000000	0.557633895027	
0.405263157895	0.184210526316	0.700000000000	0.535365452060	
0.405263157895	0.221052631579	0.700000000000	0.513337348686	
0.405263157895	0.257894736842	0.700000000000	0.491558602329	
0.405263157895	0.294736842105	0.700000000000	0.470225578550	
0.405263157895	0.331578947368	0.700000000000	0.449527503637	
0.405263157895	0.368421052632	0.700000000000	0.429380144304	
0.405263157895	0.405263157895	0.700000000000	0.409772157408	
0.405263157895	0.442105263158	0.700000000000	0.390714315759	
0.405263157895	0.478947368421	0.700000000000	0.372053119829	
0.405263157895	0.515789473684	0.700000000000	0.353938038907	
0.405263157895	0.552631578947	0.700000000000	0.336609718589	
0.405263157895	0.589473684211	0.700000000000	0.320368236810	
0.405263157895	0.626315789474	0.700000000000	0.306039813513	
0.405263157895	0.663157894737	0.700000000000	0.293773534340	
0.405263157895	0.700000000000	0.700000000000	0.283975219269	
