############################################################################################################
# Minimums of wetness found for the following parameters:
# Body = WalkingMan.in, vmax = 0.7 vfall
# dx = 0.001 m, nstep = 50
# nfit = 9, dv = 0.006 vfall
# Columns:
# vcross (vfall)	vtail (vfall)	vopt (vfall)	vopt_std (vfall)	Rmin (m^2)	Rmin_std (m^2)
############################################################################################################
0.252631578947	0.000000000000	0.700000000000	0.000000000000	0.627531195597	0.000000000000
0.252631578947	0.063157894737	0.700000000000	0.000000000000	0.585976239585	0.000000000000
0.252631578947	0.126315789474	0.700000000000	0.000000000000	0.544967437193	0.000000000000
0.252631578947	0.189473684211	0.700000000000	0.000000000000	0.504635034333	0.000000000000
0.252631578947	0.252631578947	0.700000000000	0.000000000000	0.465147820632	0.000000000000
0.252631578947	0.315789473684	0.700000000000	0.000000000000	0.426569654702	0.000000000000
0.252631578947	0.378947368421	0.652580573795	0.000045155302	0.388119464755	0.000000795115
0.252631578947	0.442105263158	0.644681842660	0.000133331642	0.352010372683	0.000002712895
0.252631578947	0.505263157895	0.654407445045	0.000060492395	0.319325757904	0.000001338798
0.252631578947	0.568421052632	0.666990994020	0.000229533429	0.290146197567	0.000005561927
0.252631578947	0.631578947368	0.700000000000	0.000000000000	0.264450979331	0.000000000000
0.252631578947	0.694736842105	0.700000000000	0.000000000000	0.247177673065	0.000000000000
0.252631578947	0.757894736842	0.700000000000	0.000000000000	0.247079657642	0.000000000000
0.252631578947	0.821052631579	0.700000000000	0.000000000000	0.257817015872	0.000000000000
0.252631578947	0.884210526316	0.700000000000	0.000000000000	0.274150657737	0.000000000000
0.252631578947	0.947368421053	0.700000000000	0.000000000000	0.296391574597	0.000000000000
0.252631578947	1.010526315789	0.700000000000	0.000000000000	0.322845375415	0.000000000000
0.252631578947	1.073684210526	0.700000000000	0.000000000000	0.352579610637	0.000000000000
0.252631578947	1.136842105263	0.700000000000	0.000000000000	0.385467680526	0.000000000000
0.252631578947	1.200000000000	0.700000000000	0.000000000000	0.420378413542	0.000000000000
0.315789473684	0.000000000000	0.700000000000	0.000000000000	0.633965416181	0.000000000000
0.315789473684	0.063157894737	0.700000000000	0.000000000000	0.593359782610	0.000000000000
0.315789473684	0.126315789474	0.700000000000	0.000000000000	0.553579145361	0.000000000000
0.315789473684	0.189473684211	0.700000000000	0.000000000000	0.514593148146	0.000000000000
0.315789473684	0.252631578947	0.700000000000	0.000000000000	0.476155767068	0.000000000000
0.315789473684	0.315789473684	0.700000000000	0.000000000000	0.438205788919	0.000000000000
0.315789473684	0.378947368421	0.700000000000	0.000000000000	0.401467475207	0.000000000000
0.315789473684	0.442105263158	0.693394332995	0.000118470685	0.366771354421	0.000001937654
0.315789473684	0.505263157895	0.693869089807	0.000130619116	0.334809640063	0.000002256117
0.315789473684	0.568421052632	0.694405553199	0.000113624590	0.305684880055	0.000001828063
0.315789473684	0.631578947368	0.700000000000	0.000000000000	0.279732699504	0.000000000000
0.315789473684	0.694736842105	0.700000000000	0.000000000000	0.260532877014	0.000000000000
0.315789473684	0.757894736842	0.700000000000	0.000000000000	0.260717115193	0.000000000000
0.315789473684	0.821052631579	0.700000000000	0.000000000000	0.272177575808	0.000000000000
0.315789473684	0.884210526316	0.700000000000	0.000000000000	0.290837963531	0.000000000000
0.315789473684	0.947368421053	0.700000000000	0.000000000000	0.314621986690	0.000000000000
0.315789473684	1.010526315789	0.700000000000	0.000000000000	0.342124535946	0.000000000000
0.315789473684	1.073684210526	0.700000000000	0.000000000000	0.371450555268	0.000000000000
0.315789473684	1.136842105263	0.700000000000	0.000000000000	0.403025335770	0.000000000000
0.315789473684	1.200000000000	0.700000000000	0.000000000000	0.436236296689	0.000000000000
0.378947368421	0.000000000000	0.700000000000	0.000000000000	0.642906888532	0.000000000000
0.378947368421	0.063157894737	0.700000000000	0.000000000000	0.603638740619	0.000000000000
0.378947368421	0.126315789474	0.700000000000	0.000000000000	0.564972889857	0.000000000000
0.378947368421	0.189473684211	0.700000000000	0.000000000000	0.526658487833	0.000000000000
0.378947368421	0.252631578947	0.700000000000	0.000000000000	0.488650154706	0.000000000000
0.378947368421	0.315789473684	0.700000000000	0.000000000000	0.451620646307	0.000000000000
0.378947368421	0.378947368421	0.700000000000	0.000000000000	0.416359666594	0.000000000000
0.378947368421	0.442105263158	0.700000000000	0.000000000000	0.383170114778	0.000000000000
0.378947368421	0.505263157895	0.700000000000	0.000000000000	0.351829134936	0.000000000000
0.378947368421	0.568421052632	0.700000000000	0.000000000000	0.322268636928	0.000000000000
0.378947368421	0.631578947368	0.700000000000	0.000000000000	0.296426048486	0.000000000000
0.378947368421	0.694736842105	0.700000000000	0.000000000000	0.276970513110	0.000000000000
0.378947368421	0.757894736842	0.700000000000	0.000000000000	0.279250200800	0.000000000000
0.378947368421	0.821052631579	0.700000000000	0.000000000000	0.292015527528	0.000000000000
0.378947368421	0.884210526316	0.700000000000	0.000000000000	0.312175670268	0.000000000000
0.378947368421	0.947368421053	0.700000000000	0.000000000000	0.336432171727	0.000000000000
0.378947368421	1.010526315789	0.700000000000	0.000000000000	0.363203104241	0.000000000000
0.378947368421	1.073684210526	0.700000000000	0.000000000000	0.390977469885	0.000000000000
0.378947368421	1.136842105263	0.700000000000	0.000000000000	0.420708215280	0.000000000000
0.378947368421	1.200000000000	0.700000000000	0.000000000000	0.452988262688	0.000000000000
0.442105263158	0.000000000000	0.700000000000	0.000000000000	0.654975269461	0.000000000000
0.442105263158	0.063157894737	0.700000000000	0.000000000000	0.616507257699	0.000000000000
0.442105263158	0.126315789474	0.700000000000	0.000000000000	0.578371608526	0.000000000000
0.442105263158	0.189473684211	0.700000000000	0.000000000000	0.540830283496	0.000000000000
0.442105263158	0.252631578947	0.700000000000	0.000000000000	0.504119666689	0.000000000000
0.442105263158	0.315789473684	0.700000000000	0.000000000000	0.468517364327	0.000000000000
0.442105263158	0.378947368421	0.700000000000	0.000000000000	0.434183224774	0.000000000000
0.442105263158	0.442105263158	0.700000000000	0.000000000000	0.400841667881	0.000000000000
0.442105263158	0.505263157895	0.700000000000	0.000000000000	0.368971115719	0.000000000000
0.442105263158	0.568421052632	0.700000000000	0.000000000000	0.339708739410	0.000000000000
0.442105263158	0.631578947368	0.700000000000	0.000000000000	0.315208359932	0.000000000000
0.442105263158	0.694736842105	0.700000000000	0.000000000000	0.297109648490	0.000000000000
0.442105263158	0.757894736842	0.700000000000	0.000000000000	0.301948399064	0.000000000000
0.442105263158	0.821052631579	0.700000000000	0.000000000000	0.315331750713	0.000000000000
0.442105263158	0.884210526316	0.700000000000	0.000000000000	0.335481566486	0.000000000000
0.442105263158	0.947368421053	0.700000000000	0.000000000000	0.359444401622	0.000000000000
0.442105263158	1.010526315789	0.700000000000	0.000000000000	0.385373312189	0.000000000000
0.442105263158	1.073684210526	0.700000000000	0.000000000000	0.412395029528	0.000000000000
0.442105263158	1.136842105263	0.700000000000	0.000000000000	0.440873842308	0.000000000000
0.442105263158	1.200000000000	0.700000000000	0.000000000000	0.471463852710	0.000000000000
