0 1.96276241911 0.44049627631 
0 1.96876241911 0.440160006818 
0 1.97476241911 0.440651404652 
0 1.98076241911 0.43911363811 
0 1.98676241911 0.439148207436 
0 1.99276241911 0.439879974595 
0 1.99876241911 0.439299939012 
0 2.00476241911 0.438400359097 
0 2.01076241911 0.438904403426 
0.222222222222 0.750753593891 0.373148534962 
0.222222222222 0.756753593891 0.372292828867 
0.222222222222 0.762753593891 0.372248002787 
0.222222222222 0.768753593891 0.373054544504 
0.222222222222 0.774753593891 0.371584288118 
0.222222222222 0.780753593891 0.372812785112 
0.222222222222 0.786753593891 0.373173776081 
0.222222222222 0.792753593891 0.37313478643 
0.222222222222 0.798753593891 0.372574429239 
0.444444444444 0.797469550057 0.284679063273 
0.444444444444 0.803469550057 0.283974414083 
0.444444444444 0.809469550057 0.284142387357 
0.444444444444 0.815469550057 0.284533890644 
0.444444444444 0.821469550057 0.28377379208 
0.444444444444 0.827469550057 0.284224494709 
0.444444444444 0.833469550057 0.284470744366 
0.444444444444 0.839469550057 0.284658225477 
0.444444444444 0.845469550057 0.284449574435 
0.666666666667 0.898316728336 0.219588254176 
0.666666666667 0.904316728336 0.219874004186 
0.666666666667 0.910316728336 0.218181645665 
0.666666666667 0.916316728336 0.219240668776 
0.666666666667 0.922316728336 0.218860946335 
0.666666666667 0.928316728336 0.219350915481 
0.666666666667 0.934316728336 0.218950773891 
0.666666666667 0.940316728336 0.219915230886 
0.666666666667 0.946316728336 0.219642291513 
0.888888888889 1.06706138862 0.176300855377 
0.888888888889 1.07306138862 0.175872300959 
0.888888888889 1.07906138862 0.176058252988 
0.888888888889 1.08506138862 0.176538496161 
0.888888888889 1.09106138862 0.175847096941 
0.888888888889 1.09706138862 0.175797947564 
0.888888888889 1.10306138862 0.176023288284 
0.888888888889 1.10906138862 0.176052103715 
0.888888888889 1.11506138862 0.176312395919 
1.11111111111 1.26731745168 0.145671541025 
1.11111111111 1.27331745168 0.145561126504 
1.11111111111 1.27931745168 0.145676501622 
1.11111111111 1.28531745168 0.145980810942 
1.11111111111 1.29131745168 0.145951623692 
1.11111111111 1.29731745168 0.145379759957 
1.11111111111 1.30331745168 0.145867359973 
1.11111111111 1.30931745168 0.145613039832 
1.11111111111 1.31531745168 0.146253187815 
1.33333333333 1.47637173772 0.124155854496 
1.33333333333 1.48237173772 0.12439543085 
1.33333333333 1.48837173772 0.124253352645 
1.33333333333 1.49437173772 0.124344144897 
1.33333333333 1.50037173772 0.124262648556 
1.33333333333 1.50637173772 0.124276490284 
1.33333333333 1.51237173772 0.124038454302 
1.33333333333 1.51837173772 0.124264059369 
1.33333333333 1.52437173772 0.125164270022 
1.55555555556 1.67995472599 0.108938329219 
1.55555555556 1.68595472599 0.108293837244 
1.55555555556 1.69195472599 0.108674949056 
1.55555555556 1.69795472599 0.108163515951 
1.55555555556 1.70395472599 0.107837993089 
1.55555555556 1.70995472599 0.107760955048 
1.55555555556 1.71595472599 0.108202431345 
1.55555555556 1.72195472599 0.108551436259 
1.55555555556 1.72795472599 0.108352541265 
1.77777777778 1.89958565431 0.0965084496809 
1.77777777778 1.90558565431 0.0960527465972 
1.77777777778 1.91158565431 0.0957692514133 
1.77777777778 1.91758565431 0.0953444592741 
1.77777777778 1.92358565431 0.0953964562485 
1.77777777778 1.92958565431 0.0956010220073 
1.77777777778 1.93558565431 0.0955268987127 
1.77777777778 1.94158565431 0.0956124904456 
1.77777777778 1.94758565431 0.0958292212884 
2 2 0.0970811533667 
