0 0.7 0.609173208304 
0.0777777777778 0.7 0.557359310803 
0.155555555556 0.7 0.506159110751 
0.233333333333 0.67 0.455491105827 
0.233333333333 0.676 0.455535845607 
0.233333333333 0.682 0.455502530754 
0.233333333333 0.688 0.455490716155 
0.233333333333 0.694 0.455465731867 
0.233333333333 0.7 0.455492842102 
0.233333333333 0.706 0.455467399921 
0.233333333333 0.712 0.455463591812 
0.233333333333 0.718 0.45546631291 
0.311111111111 0.492288961346 0.392905967667 
0.311111111111 0.498288961346 0.392708574602 
0.311111111111 0.504288961346 0.392515970733 
0.311111111111 0.510288961346 0.392562144797 
0.311111111111 0.516288961346 0.392431364655 
0.311111111111 0.522288961346 0.392422011887 
0.311111111111 0.528288961346 0.392454975964 
0.311111111111 0.534288961346 0.392740217742 
0.311111111111 0.540288961346 0.392970790832 
0.388888888889 0.508397437944 0.33853528381 
0.388888888889 0.514397437944 0.338273352752 
0.388888888889 0.520397437944 0.338088960839 
0.388888888889 0.526397437944 0.337965245432 
0.388888888889 0.532397437944 0.33795169117 
0.388888888889 0.538397437944 0.338018457049 
0.388888888889 0.544397437944 0.338075648026 
0.388888888889 0.550397437944 0.33824755326 
0.388888888889 0.556397437944 0.338503284434 
0.466666666667 0.509505596114 0.292743070371 
0.466666666667 0.515505596114 0.292613053563 
0.466666666667 0.521505596114 0.292578231994 
0.466666666667 0.527505596114 0.292590083125 
0.466666666667 0.533505596114 0.292513942895 
0.466666666667 0.539505596114 0.292638452045 
0.466666666667 0.545505596114 0.29267101107 
0.466666666667 0.551505596114 0.292845287789 
0.466666666667 0.557505596114 0.292855224303 
0.544444444444 0.558468344856 0.255310409754 
0.544444444444 0.564468344856 0.254778503974 
0.544444444444 0.570468344856 0.254433705178 
0.544444444444 0.576468344856 0.25410587233 
0.544444444444 0.582468344856 0.253956644056 
0.544444444444 0.588468344856 0.254005278026 
0.544444444444 0.594468344856 0.25432714768 
0.544444444444 0.600468344856 0.254673851939 
0.544444444444 0.606468344856 0.255073316134 
0.622222222222 0.625869788059 0.224824950971 
0.622222222222 0.631869788059 0.224321726171 
0.622222222222 0.637869788059 0.224046137609 
0.622222222222 0.643869788059 0.223895436016 
0.622222222222 0.649869788059 0.22388915417 
0.622222222222 0.655869788059 0.223922619924 
0.622222222222 0.661869788059 0.224105733578 
0.622222222222 0.667869788059 0.224477522977 
0.622222222222 0.673869788059 0.225060821916 
0.7 0.7 0.200167571609 
